438.25142915717464
207.07900893068756
447.00053685215124
207.07900893068756
446.50234861685715
207.07900893068756
448.5148154235798
208.16723178783042
207.07900893068756
238.73757433274946
207.07900893068756
207.07900893068756
222.38370793552906
408.99587827613664
225.47730187343757
461.79385004252504
425.0441576983639
335.19616292750925
447.00053685215124
412.9864537248546
332.06316354407056
207.07900893068756
207.07900893068756
211.29528690687803
415.34106425117034
207.07900893068756
208.16723178783042
228.29953735637568
207.07900893068756
432.8046225858499
308.7605917251362
320.5107457577702
320.5107457577702
207.07900893068756
222.38370793552906
225.47730187343757
322.52540967933885
207.07900893068756
405.5843561380709
320.5107457577702
207.07900893068756
207.07900893068756
223.825426317882
342.41255437487763
207.07900893068756
207.07900893068756
439.22344344288894
207.07900893068756
333.3501477489378
238.73757433274946
420.9406424711934
381.8729588683967
207.07900893068756
427.8470151622442
381.8729588683967
335.9339354029457
447.00053685215124
316.42254902730775
207.07900893068756
415.34106425117034
207.07900893068756
228.29953735637568
233.73757650520932
207.07900893068756
430.20162568855994
371.5369108650331
281.5014998417323
410.8802062248546
434.6255733617201
447.00053685215124
237.26878683274944
302.4682488931805
207.07900893068756
450.2498966735798
228.29953735637568
392.0874551412905
207.07900893068756
332.06316354407056
322.52540967933885
211.29528690687803
228.29953735637568
228.29953735637568
228.29953735637568
207.07900893068756
310.20305823432955
431.4826030695123
207.07900893068756
230.1953329704108
207.07900893068756
242.26115988830497
207.07900893068756
257.34435680672283
390.6166634746238
207.07900893068756
308.54180339180283
324.63090125048006
338.085873736279
208.16723178783042
353.216680054691
318.5746823606411
807.3679265600764
1505.3290068473952
826.6813604168324
1603.421840329679
1227.4257843025546
614.187482332752
1425.5591219059206
1509.9469411017449
807.4650458542513
1327.3543739447573
729.8207297454135
1507.5488521031793
1486.11177820559
1520.6287106849575
1532.557249894546
1482.0070761719983
793.0030168313526
717.4285153831994
1269.688242030923
764.5591219988953
1591.3396503309684
1543.1866404390773
916.9262507744743
1159.597767900182
773.0911060683753
1551.2306731231877
737.7971189348034
807.4650458542513
600.1625650782822
783.8334330628652
1478.1407813542949
957.6327864950076
953.697984551924
798.8712500599983
1339.1235163704516
723.0349656397689
1140.8292433569604
1352.4978793051569
1482.4709233822894
832.5952405222304
786.2987057028943
1032.4192890625468
1126.4434193772881
785.2274268832657
952.0242570703933
1351.575473150268
1552.1209973640132
1522.9888242207032
816.1393828176573
1469.1972970120137
807.1096592636623
1512.8918411026661
1040.4300359958502
1475.869063834159
1299.7007313052263
969.8132789302489
1219.8098431253086
1168.8461182789604
745.0248787247829
707.1891376886945
1318.6554910283978
591.0152841378516
1092.5610315427803
924.9653275497795
1484.2558926961633
1329.871778197236
706.8477699791255
712.8261238173411
1594.6986034964887
492.86379011053447
705.4119813410724
857.1344300371305
824.926590287965
1170.8518402221648
1302.3825065890308
1350.8722750269271
1521.941563243465
804.0305799904042
630.1252192563228
741.8968516714774
1504.637323810619
1296.175030959182
1003.8170156235087
1600.35737136946
978.3832056408554
999.4967862096503
817.9396550609149
817.5485855259907
927.6425961500821
1478.6173979355417
1524.4798691169412
1300.6751332091403
942.1422968701196
594.8893790295682
499.53531349749727
1130.1725417037437
951.926551051886
683.0566340761449
695.1909166895713
868.6162173117491
1909.184173104631
1598.4895608236814
1706.0345096057072
984.8642936578553
1517.256050853499
1990.7136218449753
1184.3399196662162
949.1844357680695
1232.3058038574718
1716.2942176878482
1531.7626781527697
1388.8021725986823
1556.9326318395217
1147.2554076645142
1808.483171636852
1690.6429581973262
1643.8614984260312
1237.166033578907
1760.193091909637
1585.1549034069244
1117.8395543817387
1446.9809767382897
1943.1819311380418
1779.460604333999
1884.527898632749
1308.3640387201935
1338.0930545572837
1842.2602348362059
1102.5587467248097
1690.8293445098452
685.7339020381071
1536.311183070981
1109.3001402255384
1643.515326448519
957.6476229568768
1832.0485051279607
1150.3097880134706
1603.4011594424426
1632.162539386582
1525.019919131661
1184.610960117344
1511.8749164702438
816.9381858564776
1551.7653630501293
1666.2351767796283
1793.656094762736
1923.8969524261945
1843.1046448341028
1647.2625880438598
1812.2674497482813
1258.798530615933
1266.8622881081078
1847.6047096609536
1608.7625051808454
1905.1137229398264
1093.2287060667559
1517.0791207333577
891.9364543111654
1602.6392553429062
1225.843873053844
1588.9869136015811
1725.4920562522395
1798.6305150259782
1251.5047221985328
1649.3019570673473
1741.609449336645
1736.7985341595072
1245.8169551664698
1503.7953181488608
1926.6187817094194
1615.3753785058432
1772.8723297543015
1522.1723523336216
1172.8475369205028
946.6789986912514
965.3049451543619
1809.757385344477
1356.2044609483985
1549.801905277518
941.6727861288065
1959.948273813394
1191.2322277247617
1529.208691459008
1926.0805601628008
1563.5516822050104
1913.8805087538299
1843.846436742357
1166.9453037691007
1732.0918161871707
1210.9294689807825
2001.923666616337
1841.1773753029784
1992.8677095327307
1939.0795535614368
1059.6197124615917
1521.0808625327281
1017.7894033695626
1889.6002106738817
1667.4750355721274
1696.0290146941636
1297.1935924186714
950.8534936877581
1306.8757893238715
855.3002614084319
1285.723697039211
789.5170244875328
776.278031874434
1343.604518282919
1342.8628067105428
1514.8131645788378
1041.0536514267062
1238.20202418957
1155.8026190787048
1185.317077471992
1182.936699614096
874.0037911491859
968.0257098097428
599.3275480452921
1128.7171940486567
979.9078824332862
1498.991017734016
792.8750447003272
773.1691224554518
1459.7521246405067
1505.107052184166
1120.8943759794467
1271.6910557487095
1529.2056329874158
1134.5149639980852
935.5550259848791
563.473558538984
679.0441313620172
681.8319141818789
1742.234481905565
1329.312348958213
782.047665670007
766.056329990315
678.4361454293353
948.4620397976771
1051.5677554524316
701.18654676704
841.823183881858
1317.782536942673
1292.5877098139133
902.5690551944277
1069.0855282946632
1363.5809267217746
657.1727791382741
882.6165735296344
1157.77063904487
1581.4010624681632
1085.3079661952133
677.9777019147751
1142.6583604587552
633.7245467234331
716.687040554219
1292.4977690425305
1486.565228803912
559.5592596301175
684.5131466188204
743.6229381886949
1122.6771561950168
1696.1383927465274
1358.8446161315699
615.499487490144
1574.4432565836807
1504.2136154274056
754.7161168069971
711.0668912875469
1153.8628879963621
951.4459722932593
1074.7007124256875
1495.9605411535827
1324.8064726240268
1352.949752177917
1006.092431778154
1298.8991534130766
610.6720959615005
770.3931459299814
1214.9290675238274
781.2868272997234
954.6117728868186
1297.1867359133164
483.7489813540183
1311.4071367458641
768.0223688705559
1730.9750041951297
507.8324378136156
884.2600161824104
1327.4627857441026
676.4263392824038
949.2328309203324
669.4957472912545
1289.537441346211
1597.2898083512007
1086.8486531554736
1377.2003606165692
873.1838956491538
1103.292302359547
1554.6116381389018
1024.7406622496826
631.7107570055111
935.8498209230838
1158.3354748896343
836.327477575816
607.6779190063742
942.9274521407364
869.9933392347966
570.7791400021172
1252.030009182366
681.181048158596
1132.3956078028161
816.9381858564776
940.0309895441604
814.4478897428779
578.129144947412
1261.7049149901368
566.9087963906333
1355.4593569740393
509.5886149358285
1010.7707814182611
603.9605233001214
807.0417166042166
829.4986283392112
806.9087929590827
818.1724765333402
1246.4605309349256
826.0979374002471
487.4498837471089
1364.3057309861972
501.53160183693575
771.0979120663451
1132.5610344839426
1041.3225396032092
684.2893092892806
1589.0942866302141
834.6407620311177
903.3599803729678
763.2463211671513
972.2151848320168
951.5555058294233
937.4746747479056
615.4622646603262
656.9575307606507
549.1980183401093
1153.2301150138514
565.1669514759499
968.7267321038582
1235.2981915021796
676.6455661924718
259.53467535826155
257.9892795862558
297.08213666900707
731.7375768255023
1182.707605740222
648.2833436736189
899.107564051504
783.3997794634981
327.90939539607837
788.6838750012315
904.774465882527
860.1155353021227
783.553561705882
751.1256387043486
1350.443945396151
453.3954525106597
946.7278789339182
1167.5517811553239
1204.5344201890591
275.7019089355058
772.4334807782863
942.4673309599417
1179.6761288181488
1058.9444849039612
759.8876703914377
837.3682398571276
1095.367021546489
1272.5674918326729
929.0871091420473
313.40678494263227
624.7689549283864
704.8841727129419
256.19674771812396
293.03303644841884
862.1027798966678
693.9964514239444
1354.362408614398
863.1168524647582
754.5464496276593
1372.5314786420238
379.41306086546587
557.7437480629618
337.6048201765915
786.41215617456
323.2982533620358
277.4067404998332
1082.2249943759514
812.1189420254652
861.36992701743
763.2707333750341
934.3263010434937
830.6516528382749
628.5752338212411
255.02089723821175
1017.4994273239128
255.02089723821175
784.0270720562663
557.6637748243531
831.8469430821775
566.1734373731658
777.229695891526
720.808981606403
620.7694828597688
310.3285243997029
258.8439446379611
770.3013558320956
771.007364477354
1284.4169870766389
783.7508782684923
332.27364125077924
1136.0918601818755
792.8662714803179
1261.7674333392945
312.3154230108141
639.8756629881763
307.7277243970781
562.7890037949805
754.6356826631359
918.3886752531644
303.5347912187391
633.7245467234331
917.6815710426816
755.0861613297503
673.6260821305196
261.00093990371613
756.7331424274456
1241.9404327605491
281.80996800521996
1181.0398196042056
537.0147492502174
796.9485314129191
1011.0260534175718
767.8040943629176
242.67649312693084
329.31328289607836
305.6098877988257
1207.2634723323413
1236.6158997705302
311.89115751508905
799.6428111563188
1437.1395978916073
1046.1311595760499
1270.0178441754758
1360.3732359246146
1166.0212887491932
504.9464529588693
717.173158490767
748.8249738011865
1069.6553326379012
1299.7007313052263
824.1380256780114
1417.7343480486288
932.9970275136396
669.5694570998168
1413.91975577381
731.3245357077633
677.8602589816904
597.8794912621721
931.26444183527
1323.4276311495512
633.1821316950897
619.5480057050092
854.5004262572751
1509.3973109067124
1172.5463957605036
767.3318441305142
1447.851760666447
717.8361310071706
1239.6390612118007
623.6919713729524
636.3976997575917
1035.4676086402278
611.5877079481495
571.9661823863319
821.4532456091613
1454.5078545751696
1317.1579016563421
948.8260986887899
1024.9081837568294
1209.2470224349474
1504.7623183150076
936.1501497395379
1134.0222178076108
1512.8420558014675
816.9527644334347
1304.3169243316652
1419.4181896901268
1189.9945691435596
787.2345576617279
1300.9122180648533
1437.278824481408
767.5128334376303
1517.9134408501166
1297.8771143582223
561.8161524301942
1335.9360693285794
828.4849620302539
602.0516291623302
747.733857110726
1479.3483642510496
860.9487208928551
1146.9307772668583
1131.3774390001447
1507.1654375982446
1396.3602116418158
821.7723090561727
998.2239430064811
1307.465904032499
1324.0708578925799
684.7424279423087
1509.9572418631087
460.2838050079318
1372.4123872724383
496.5372223863862
871.259226333181
1302.3825065890308
1320.7250012409831
689.6208361948015
1506.5335367337157
891.8339153982895
833.0342136839722
742.220540569143
811.4895275133009
1428.8625060022412
911.7237013727818
641.0419639921533
1489.2943895545523
1415.6623194772003
793.3529495171373
1503.2630837115485
546.0099101020023
1068.9783308158555
770.322232947358
978.0070503391238
1019.1629552329052
1114.9716389894465
658.0914242101072
1298.3590829275313
1448.4693619176803
710.1740292032778
1675.4773956699662
1887.4911760892521
1962.4498694757228
1815.1111498719042
1860.025940419775
1961.4021982341671
1938.844447883219
1898.6612753720415
1989.095604552458
1859.7917970914627
1948.9251977689607
1911.480011530124
1755.0762514965184
1868.4529936238655
1864.2258665410473
1920.0763580026492
1838.7504301909314
1939.960810492868
1854.8792465814824
1871.1230886036533
1852.1946333263102
1763.3646922508535
1872.626237459137
1855.5313245410775
1978.3924722091656
1855.295013907514
1831.5112792461257
2014.595199472579
1719.4621644259212
1941.5670313770318
1861.4474332448265
1840.731036854968
1906.7255610174216
1888.6577450602244
1969.5747053563487
1835.2154410023097
1751.3636863016463
1943.3081257393942
1911.6830733754718
1734.018334227732
1785.422951455125
2000.470808418249
1879.7951301620944
1760.3815942099438
1775.083732993741
1905.48812742928
1771.4536766927524
1833.5926734806646
2037.3503869545473
1959.3411005118116
1815.349717252937
1891.1477677023188
1873.4576983121387
1857.2280253894562
1975.6872730742177
1844.8261579162988
1872.8061233174055
2001.9239768586392
1886.5626686573225
1810.8184840302872
1845.619643897973
1799.2366125161357
1843.9730310086668
1869.7854581219128
1854.3277495823004
1862.4294066884684
1907.8299375425563
1857.5409580834119
1948.7656441909282
1768.8482460190755
2019.8510865071216
1853.9207554959441
1834.8004725845415
1859.3173677721052
1852.3963577472225
1976.5014072710799
1757.3482215341344
1939.226648995498
1901.9461378188591
1881.5498901219207
1886.3237384646272
1635.6437451573895
1810.1206819051913
1897.639357357855
1740.2527651624682
1703.916927210281
1894.669799182746
1651.2030263201966
1885.6702483997728
1953.044200898683
1807.8263988155213
1905.2276972640984
2023.2006443428284
1774.9296169225559
1944.335301864173
1816.497762717167
1922.514755366924
1996.790841646432
1791.129478091138
1870.8421211528237
1337.6616506049097
1156.8941254801357
969.1235490415089
1829.4565787865918
1473.4250187620619
834.0517027241807
1229.143904567813
1289.3127986257257
664.382606122083
1262.0073137053876
2042.2035190029553
1523.3990978202369
1773.4377210408088
1645.9040071530649
1507.263141836579
1940.2981905606941
1710.8793501941923
1731.2287191129074
1807.2223190834873
1591.8045370893556
1410.2248340241902
2037.2522620854932
1752.5692561108574
1769.3670710186611
1590.5639210829277
1477.0135655733259
1537.568150181591
831.8949107506376
1887.3194394658703
1516.7002237465556
1701.1879088556907
1538.282715751462
1921.5680216711924
1074.4593349134086
1554.4551755965294
1992.006380028439
618.2149411016854
1796.7983645930094
1588.2737212318048
409.95447162156927
1897.2957699585925
2018.5790241218879
1211.590667299207
678.2784983331015
1276.8751945801214
1738.340178718265
1864.8655450728163
812.9391127877259
1602.5923509815252
1457.2599944585909
1565.3852456484735
1331.6444415337573
1264.9616212617784
2031.3563162374019
1592.1345772039158
968.069089042087
1421.5154474396195
1874.3727896611128
1363.5350028667174
1856.0672111932986
1282.2840121331546
1074.3404554103304
479.5749503618496
207.07900893068756
1393.1686919299582
1314.70878357595
1258.5889240553722
1945.6232753868394
1338.765537554977
831.0649720785551
1623.5906606734873
1304.5596080470887
1349.6363034482197
506.67827942126854
1509.1094052058083
1531.6938042579613
1543.9972896428853
1672.4651772305288
646.0236836843106
1532.3849420551392
1193.543649337582
950.944546806746
1493.7736031520262
1669.9558491503178
436.48493514889213
1799.9767581785834
1429.898549667454
1549.400972870441
944.2780775196309
1796.7949960723295
2034.2080007706622
760.4025600894722
1450.3167659534256
1316.670995591123
1470.0302845313859
1676.3789544896022
1830.083539966464
1260.2091521071868
996.8578241258089
1155.3231824154361
1568.4610043165885
1815.9747085718848
1656.9126804604973
1733.6563351434827
1827.6432748019176
1834.1047243425783
1805.4873463424597
1789.185013441099
1290.6019626886678
1719.841636643557
1498.9533634648708
1175.987797760362
1140.4591797104058
1457.7985055059253
1331.6894240113577
1297.218020321952
1701.2553973793265
1360.5832476061305
1469.9038723471274
1650.0435806669325
1013.9455139849256
1636.2908138454843
1709.7366458066701
1150.7771346609516
1262.257663735885
2033.3707799614997
1139.606730940377
1635.4811094429779
1511.8240886254548
1803.7200563850429
482.8398347809783
1370.1412669795122
1363.1485085764116
1029.567672398785
632.4081658175417
1472.1683503245106
1222.42831757772
1174.736160496876
1736.8755841361715
1196.0510641699022
724.3263245353317
1356.9096047646021
825.5697908572215
1803.7200563850429
964.3189599305722
1922.9649414125713
1927.2003878812004
1111.9882031015109
892.7164702869588
1611.348841576513
1629.194182472167
1585.371051416549
1935.8837295540031
2033.3707799614997
1508.3508405644282
699.8593919126049
1539.9651514118582
684.8321196771502
1267.252482970651
1795.5529166365136
1829.725062880245
761.5640569574155
571.0732012620156
1375.9888075295437
1613.369369858095
1193.1152891582394
818.5561672413033
1579.116723023656
1522.2647553635143
2021.0047289299002
1835.273162103774
1857.0371681565564
944.7706339279587
1884.7054711794422
1369.0096013672492
1471.4935472663133
1683.5437525910631
1939.8758305262998
1589.4756099579608
1739.5095240904939
989.6137939835896
1839.0841687061745
1898.908503828021
1557.495470511085
1656.6585533391928
1489.7539366666272
566.9564274888925
885.4233299000907
775.4710714323257
1629.3081868137178
1938.803686129355
1972.4381960554583
1517.7437884407848
1329.5488277108345
1015.880016428398
1510.365753416514
1707.7581333869791
1773.1489607731555
1320.4888637432393
1677.6980306143325
1504.2026258582937
1431.7745295494149
1863.62433913155
1514.479265907907
955.7834793074094
1676.4405022604255
1386.8470327430718
1567.6522138321668
1575.187532924652
1940.3345439215627
1500.091096438134
1675.8846732881661
1678.620687066395
1494.1970868913672
1669.6594562567623
2029.3295634755175
1710.3770529892831
2022.4868016100484
1570.0029583501787
1117.8084790299745
1038.7916671182143
2038.143300190357
1868.2072936946015
1899.410228118357
1359.3715659937175
1633.9989595486875
860.3203052073292
574.2457605503798
1471.4335853596913
1736.7810402551252
1322.1991751076966
1161.0904454269523
1271.5754533775712
1857.753918651704
1911.6269992058249
1545.6845789927054
1914.2512462680697
1940.4981054792463
1976.1860666433488
1755.5259449358746
1504.080442390287
1544.5014959472087
1789.832070952998
1491.0502478591297
1965.402188228726
1634.5349819428945
1270.0015853156397
1872.2515966237827
1798.2605435254095
1822.8515501000734
672.9128719809237
802.2326346809637
1939.3258790891084
1614.9861027596523
1686.248737176237
2014.5105893731377
1527.014341401405
1841.1340850456834
1527.1564370337053
1958.364527746083
1257.4975115838736
1811.632308008284
817.1751299522037
1561.3453086632126
1688.0644308363655
1676.2280639212568
1307.1983379073367
1502.7399792337228
931.9009196518233
1853.738081152436
1651.4628733936524
803.4183579689736
1538.1454047000893
1832.42439126193
767.0738818643564
1260.6461468441871
1713.5902971439707
1868.269043786123
1697.4894466394096
1435.424504496957
952.5425841218324
1052.1113353759176
905.4920355440174
1357.6537789876807
1365.7369745661688
825.1878098452146
1732.3170071981235
964.9202815154565
1181.5865070086477
1703.5687609099227
1528.3627106738843
940.654572360134
1812.410938712789
1234.4966017539423
1106.6001418803064
1520.2712494459438
601.1599334852734
1374.9356172914286
1166.3407915985924
1688.0694239148827
787.8569635014408
1380.7872755203816
893.6593326910336
1865.3717102424987
1322.063408073787
1535.2899691669918
1726.6974634402682
1661.7175253070138
908.9666115415097
1859.4976137945298
1686.3435368440828
1071.874330261521
1155.1513160019783
1609.904499192524
1645.139839054197
1191.1189331413602
1665.6175956562795
1579.5766898318516
1678.88300885321
1556.2093083194616
1472.1683503245106
1590.451160614023
703.006379990858
1494.6615560020327
1358.7427874163718
1530.4508058116753
1210.951321435937
1588.2200448130452
1737.158596035615
958.793964883778
1525.5600508478583
1244.3591230852448
1631.6402918413467
1544.8671347064367
1354.8911792534586
570.0203153276722
1201.6978942774779
1852.3344207939422
1673.1709032767167
874.0611422831915
1839.242924399413
1330.9223228679537
1230.2728666566243
1659.5767299465003
1518.202558821116
1461.182269612858
538.5166969553807
1086.6122409162845
1843.6704352217698
1712.728225248139
952.9543288564355
1001.5690729498302
1755.935042608956
1182.7549861541643
1494.6109954651254
1792.4668041969464
1602.3109159340675
1473.641208111381
917.9961636346987
1825.6126679667059
1793.1971326630937
1592.8200369901226
1798.0100335394475
1542.1127664725043
1522.093629674135
1605.140022685587
1859.9833561825085
817.1751299522037
1707.6892258363864
1629.8345486955839
1505.8586427220428
1495.0373380787387
1841.6479691928525
768.3125568226754
1652.9446845664247
1378.595493810733
1805.018584899675
1913.3861701409992
1565.9562642022188
1562.7962601987722
1486.98140553032
1879.0159191536097
1632.20238943135
1036.2921701637472
1016.0798255302083
1321.0306734987405
1237.8774384478386
1487.3549859503462
1759.3323215352054
2012.4394359985486
1515.9682913987017
1173.1160247210616
1250.51860481695
1143.753389164412
1515.2105792756677
1360.095121264927
1797.3817102526712
1657.3391235725574
1795.9795350250067
1308.5407249405962
1589.9940727891696
1567.1234636438833
242.67649312693084
2014.6441213194971
1304.5596080470887
1563.3928318069854
1660.2706394833122
1739.5397897473583
1792.9844737790802
881.1976464421466
610.2283221277049
1230.2476536168554
778.211906513613
1682.21461659516
1695.8596044226304
1899.4697339288243
493.91925397368783
1327.1719822895163
1634.277144824614
1524.3648218633207
1570.9970913136776
1508.142841263303
1251.0031637331317
1823.537786892608
1068.0229580320838
1595.239291527622
1594.8630667586701
1506.6492793527086
1911.1566535695322
1690.2780196327165
707.9230440981195
1658.8463956111189
625.545583813424
1609.919238978727
1910.2069091252679
1723.5007935996712
821.0930108944099
1489.593668671992
1282.537611072635
951.0088632182809
1633.3341015837295
869.5120148758875
1575.384672342248
1636.424679526346
1612.3929716304833
1935.1361923794937
1806.5679587795205
1546.380725952705
1223.3008017508353
1182.5997050871085
1745.1036764794833
1280.1982219560725
1495.1189000762895
1545.557173012464
759.8792400411403
1151.0613865982007
1404.5339068185974
952.414801196777
1839.850701707225
1298.4019431009178
1968.3543852983612
397.0341266004499
1752.5586542433011
1519.8390018962114
1791.9707326169257
1606.4146612308107
331.0092527123168
805.2862289263671
1808.565640252906
541.1257677217458
1140.0458672604316
1514.9859151328449
1498.767057419523
1725.7520294018157
1344.7430028639676
1835.2068103288616
1294.3296052323467
1628.7111812429873
787.4678817733641
1531.8329047682746
1484.9030897636449
1195.5359064339161
1505.2030895508437
1623.8972066673932
1613.4973944264639
470.6950824288697
1140.4591797104058
776.6640392554033
1263.80857420657
1533.1434012585496
968.9883474080125
1242.6251442356224
838.8458317014096
1141.759057598914
1205.5629113159
1544.6495354730732
1930.1478304460531
1946.8768161786834
1878.474861257098
1320.2629490867514
1938.6236032004538
1826.3759347350488
989.5600114781141
1316.7879844412178
826.5921428559595
1123.7525712127926
1567.8321713523308
1233.9916782878834
1793.5258717223526
1929.6661782062351
1571.4063447211622
796.131569044545
1635.561758415806
1223.053169852784
1656.925957378706
1680.578763426726
1843.7418014341833
1211.4049503451513
1613.1177580543429
822.1968755543876
1551.3596040888613
1326.0940473783196
1058.19651387127
1603.042804888833
1454.2230826498362
1665.304218308906
1844.4159321762065
930.7686351630466
1262.4705565008544
1599.6732918147234
786.819055464799
1607.4275148451711
1286.1084785577348
868.6850848422677
1890.658576960275
1495.7962824442068
2033.2232716625658
1305.9982723281225
529.0943211688875
1056.5443008367006
1505.626247250236
1890.2827495018926
1724.6913710511465
1769.388731747586
1362.8786692089107
1511.6270339688392
1639.5112454309233
1612.103772795152
1472.7839439803895
1486.1688619982542
1833.2255792028923
1304.5596080470887
1661.4097220335855
1480.116345225637
1685.3653849297414
1822.7785507692015
1838.541074555962
1937.0411008558078
1325.6055231214295
1027.1673877927394
1128.8342705619136
1434.5690520152866
1541.3137924781831
940.3728094648454
1840.131292597125
1504.7083891397199
805.8534367381384
1517.701173617878
1846.4370230990558
1489.7455495375125
1178.9892169607506
1082.6893306622826
1494.8038085546934
1250.742389179791
820.7082312196346
1376.1325251614462
864.0660521143752
1485.658506910198
1262.4572123662422
1324.710557569972
1668.0816740779537
1082.927731224914
1305.3343571276982
1257.2038216973517
1241.5996244146058
1505.9559901690957
1744.2464494734795
769.2707774559116
1646.3961390848358
1121.0107293543488
503.96514298017985
1333.4210012664553
986.5996754952116
1384.8227717183559
1090.2027750158618
1608.7663341247446
1260.632659486989
1399.9482677936885
1299.8504025463797
1730.9484132538153
1103.4480241527565
1570.0066738822798
1207.9315817511263
1609.7070538048722
1926.428923685374
2027.0559156524328
1580.2561192814235
1191.4514757962456
532.0380327361759
1661.8992272612652
1519.4631424100191
1521.6082024414259
1287.9509274698912
1656.9000011270628
1874.1293409202833
1541.2071217572275
1484.7056867669348
1513.7730361732488
1056.644131047466
2018.0209901717972
1735.770410016313
1905.1059909742241
1354.53797143735
1530.584271189102
1623.5680613352215
1544.9154443483565
1498.224311493853
738.0159255732679
1799.2466805696592
1492.2521577978746
1624.6684856534591
1312.8809824580283
868.0423671974743
1612.721750129611
1704.9490740020317
1307.8013402832414
1824.5606978842904
1514.0866778226518
1571.3474958268446
757.3433132651865
1400.5225492317852
2046.0189609036786
1537.4356446874153
1652.7479433177175
1939.687266668107
1612.3702347929757
1513.8368963484095
1743.3005838048484
1510.2019707800166
1538.9323479255133
1498.4873534359601
1514.7997886791625
1611.6200984921206
2030.134087007993
897.2553199793011
760.7842773887552
1895.3984413330809
1500.150020924883
1275.2480894454925
420.2877176405669
1316.670995591123
828.2891850989719
942.33420819554
1737.4138776530383
983.258694318741
1571.5899195502427
1719.9688700517777
1700.5869432980355
1353.8093651740176
1882.1880763627255
1418.882379465409
1073.0544506658644
1518.390466443051
1872.480392740795
1516.7943343529398
1658.670888153112
1661.045658512305
1472.639226869542
863.6318826249546
1540.7311362967027
1525.4052077422182
1280.502817260993
1502.3660270226226
1698.4065876721643
1561.348770943219
1321.1121448945335
1628.6282694212075
1487.2608449905692
1600.1983605251044
1771.6603821423296
1151.986556102012
1877.7949907954214
1497.3159736405569
1848.3836267539318
952.2173775217383
1935.409724574913
1547.5574464877934
1954.9125917131064
1309.6889257958978
1129.048703366217
1867.6627668979584
1717.157923606456
1510.1233216993203
960.2875357198981
1370.5940078339036
1854.0524594501924
1529.0323578153973
1646.7534880067503
1453.7521420860517
384.3275324912456
1649.604508549818
1126.7791709979842
1356.2802178880709
1251.8224642678413
2043.4743394751072
1273.7157656524018
1321.2219938635562
1645.2273547314815
1130.3197902893044
684.7226139119734
1534.4603237540073
1440.2324488761824
1320.2568640641734
1563.903389013983
1109.0096794997353
1100.6137985256125
1515.241829015012
1544.0428835071957
1566.4646656404414
1498.4067590742854
1907.852473251202
1503.5815305604285
1248.0527588623336
968.3831910432938
1526.3508020373492
1743.4411636435764
1595.118092351759
1107.4660782194167
1508.2798040159234
740.7427274407943
1547.8117934437341
962.4431199498929
704.7453937921057
1289.3866712600964
1647.9837801557157
1615.7718186294755
1843.794765353575
1247.8705512323547
1616.852505738608
1081.2940472878972
1527.464343006241
1752.984220705964
1154.4028714513072
1858.1180102023493
1255.6612820398104
1839.4986605473116
653.752624950576
606.1661283449749
1511.3319850955618
1116.6743289299588
1814.1347500879385
1168.5400590093109
1849.8995568762668
1565.9522838745422
1467.6355426167654
1668.1033063762259
1300.5689261128055
940.1991061288065
1833.974173134316
1586.6291723984154
577.3942358702207
1234.4179535296576
765.3766799108607
1135.906671625354
878.1573324797245
1388.1835182671432
1510.5466429271935
1524.8195206955281
1798.2662845499224
701.2501547290693
856.1958760547298
595.3160196229798
1380.4495927604157
1053.339500095475
1539.0646101055768
997.1531140308291
2035.368957795507
1636.1201728987767
209.57054204424068
1516.5786085334457
1306.0636117671957
643.0123046790591
1220.439006555705
1500.7036607537339
940.7230542799537
1839.9398811440267
1697.7871072829023
1911.823132631706
904.0182594633242
392.4204058897452
1449.5019395763925
1124.4165011797754
1574.6765491012952
1515.1932871019642
1297.2351304484232
1652.9514483987894
406.566438610088
610.824876236075
1730.0849566399877
1638.9959060881113
756.6250051450328
745.9842708606227
1180.7135521595505
1500.4763922332445
1511.3397211585439
1377.0797276038309
1823.2905593532544
341.2766791137597
1338.5808004220928
819.7523153389426
1514.5794109907226
1601.625055788697
1770.858791948428
1597.4830523329795
1567.2776147780098
1880.3762218329978
1488.7688607105697
1897.4167241687835
1315.8081506481142
1652.3065912285485
809.3852818485623
1504.5638735004245
1373.0224196804527
801.6789910430999
1534.0728911373078
1593.4632486627647
1549.9963029409362
1789.8710992800593
1636.690388867323
1677.8925307579718
1500.0264179768892
1149.3211588090323
1329.896656052652
1241.6415389036044
917.9320201383171
1711.6636784824639
1598.985078164293
1499.3802828999324
1405.654205317141
2012.028773985506
1775.7466738014316
1760.024229250148
414.8659431595279
1228.9753810170691
1202.1828890676145
1992.5541466322488
1516.3622421529067
1020.3875197459301
1508.4176105739382
993.5546684589442
1912.2366851143972
1719.295820221026
2033.6549447484672
1673.9300223578164
1558.5931070569948
944.7558738546046
1997.2320962513443
1687.1156488724
454.65661324927055
1333.3323385276422
938.0701003386682
1356.563329694462
1562.2111088575093
1503.4254614342271
1470.7974641937806
1670.7431135122852
1503.911512067108
1917.345660315689
1128.895181758577
1080.198944659152
1461.7836238302707
1598.9979084783274
837.3355130463299
1522.9007853558392
1571.5899195502427
1075.503158116797
568.1208536304757
813.1662310230074
1309.783100863793
1292.232870465736
1589.2201924850517
1009.531812651976
1680.4713486914966
1656.9751198327901
659.4865141072835
1628.185332607058
1393.250927909656
1548.316118656476
1318.4972273184756
1269.007624691281
1695.8596044226304
1508.6657893624583
1900.6714286939282
2031.776908608474
1874.8300500323162
1574.972506034463
1432.6461112193947
1143.1124809253163
1508.139294905968
1484.4276011549443
1678.0299732257524
1715.4924262415673
588.5796621394843
1813.6353748486474
1908.626149209806
1887.1031513080836
1678.882748247555
1288.8506348878996
1308.5929737383842
1177.1095254485626
1170.0423592201864
1742.3081548426358
762.2840067597314
322.99119808577206
1056.8591610701237
599.2416573466677
1288.9879408136148
958.1250458277034
941.9930938595916
718.2213092701999
990.1142913912622
1644.531346989425
1381.7574582074367
603.2907625018042
1204.9052021066448
1657.3793537781596
894.8242887357213
1669.8235848714519
1743.1889200576254
1445.3334098065236
1660.900516683536
415.9247648492655
1500.5209971417803
1462.140181072358
920.0288449165555
1288.0396935600231
1473.5815412650181
1314.4595045588378
1912.09795667812
1407.1881770664338
1523.2625462902606
738.5129129928001
2022.4644950156369
1246.060325416881
1954.5556826451443
1142.9091176019242
1463.5262538243264
1272.3748618500165
1616.754249608818
712.3239819202163
1392.435770873017
427.6992532216261
1253.227379548623
1805.4861787827112
1880.4781000253076
601.5483270624043
1745.793946034538
659.2460246011568
1164.891644618647
1124.6042159206845
1223.6208822611486
1687.2789372471796
1342.8108135523132
1520.4120680064152
1585.3216533011296
939.1789997291859
626.2649374279221
1150.3490662366376
1800.0494846685356
1739.7086782946756
1169.2816047927786
1895.2427909556936
1866.4752476818878
1684.5216924888523
979.1149451512491
1534.30530899019
1570.903239365931
818.5260679803525
1557.3663940481692
1239.592976077795
1549.7202637196224
1338.0070296972647
1433.1021979666152
1585.2376380966377
1624.5199162942386
1464.0700955983818
1728.6688639418744
1631.7400297098488
1662.9698249721237
1476.9577947994612
1167.6593081815026
1530.4102686313122
1842.338240289895
1032.1493576048854
1720.0996712856925
1148.4380134746505
934.1675644688528
1552.4622524180097
1592.7212138332939
1843.9440780024388
934.9693596032087
1132.9592272413236
1211.558146722284
1145.5909849636203
1770.6102890873506
1326.8422033594825
1946.8367237719283
575.8114629326266
1355.0907344376624
1546.082408619138
1388.9565350331147
1419.154209509867
1715.8231761791678
1870.8060400197917
1528.6413193567748
1314.5863188463454
1335.9987430064546
1764.4457436621424
1950.6287080676773
329.9855872008817
1876.2843593953462
777.0097334802751
957.5876191193518
1696.23356265711
964.3978378903636
1504.7802782907202
559.1432999226574
1819.089334462493
1556.2764546364167
1915.2797446065106
1920.2201051171141
1330.8759097765624
1632.529880276486
1542.3087242417223
1930.2868246988487
1679.1198001840664
1480.1938623295018
836.5445163926488
887.7919878357317
1540.2119639977398
784.9947518072412
1740.133152727023
1539.542184763205
1357.4680369862867
2038.487026273353
1664.6004901130045
1677.7598438812227
1609.6419896293498
1083.7541287627894
1740.754993826705
1680.4537345493072
1887.9695881218652
583.2285870935447
965.9175120158249
963.0387123235038
1514.9535049250892
1806.8428787091523
1767.3957689578856
1561.387849252926
1798.6917911313715
1631.7128660908174
1496.5128602058348
1551.8027432039244
1675.3094532298267
1568.5697816565646
1928.1509073700515
948.7809418620427
1322.2475519771713
938.8752049623802
1731.749013916981
1601.3759657402247
1700.4215972227425
662.6583451671729
1313.2157074910058
866.6200934498931
1167.9938270367493
1304.1430671160329
1264.5689129755206
505.3491028816547
1343.7631427070742
1300.3307826438459
1596.9728270673363
1193.1897203817002
693.4933693698758
1295.0769391586407
1662.6212870856748
551.6232100218713
763.4651078209774
1672.807729021461
1764.825454319584
1255.7332326387277
1606.5562954834634
1610.7979003587873
1781.509626269304
1557.3362441749537
1641.6768153936523
1638.9891700955272
1291.8118140260199
1785.6156422489826
1652.4456262041294
1227.7428175689627
767.4392009512371
1101.448850422349
1174.2674076495261
1503.8301590129843
563.1886665959707
1549.1510048816176
1898.7078012525337
1750.0454861654598
1395.0552254118732
1458.3108260909903
942.9740005452825
1690.2419867098108
2041.523597057525
1427.2420686402486
1209.9775444153029
1845.1110283696228
1164.1472889801578
1299.1541438584936
1485.4151527448698
1614.1518225112127
907.4182571340557
1186.6374556253593
1826.5138877526801
1816.947421831058
1864.3542962800127
1471.237402169736
1593.8174306233525
1680.559492531775
1610.6679020125969
1915.469503165069
1577.5724508644155
1676.2118332672017
1644.138366681688
1352.7598586102943
1821.6882772770987
1269.5161501315567
1537.6969299993507
1321.0171120344053
1489.911751586044
1525.7557313384978
1482.0893299943932
935.2019500021281
677.0890940496365
1677.0748541156706
1656.9211985795307
1140.8912712193926
1152.8650239513072
1104.4103643311894
1500.4228389643083
1118.5216791039122
523.3543643093001
739.0552860696188
1640.357953802192
1801.7417954432105
1601.4036590852966
1484.601967583789
1951.0005065116409
1889.5949407963597
1982.0887284542282
1240.2107710200632
1556.9409830355223
957.6166682201999
1353.7067694124974
1123.5096617248055
1737.3556026071492
619.0075488606133
1540.7614182572092
1007.7203783048883
1577.8879629782568
1855.7046759417522
1310.8483087289069
1622.1259063741143
1182.769963577036
1507.6344887969183
1689.8411031121977
509.86689470499107
1313.8242542017952
1265.964270893725
1629.996004835844
1589.5676147033655
1542.1915951020628
856.8717567495171
1435.999293422311
1646.064305591161
211.29528690687803
758.6276117764704
1857.5682828953932
1578.9820716017634
866.5227083412036
1198.5871549564738
1714.406992518765
690.9767545812836
705.0525001113975
1830.3173891617741
1723.1853640840948
1689.7480925544214
1855.2101269198254
1848.370000539461
1215.6920117036034
1638.1813658783296
1221.8744322563539
1702.658284467497
1690.2717292271195
1570.869711823959
1612.7029494723529
1949.607022092924
606.0951449833624
1618.9237781696372
1303.3093095302072
1618.157778694073
1531.303923042533
1055.1347444772503
1265.6438025753646
1579.9489881316633
1499.3307983888917
836.0538202755955
1489.0634790329027
1887.3292731116587
1550.4012217020013
933.9573942229097
1493.396857539453
1416.9012403474146
1536.7230321766253
1867.7716381421644
1823.1477453753155
615.2222282327037
281.8359037329799
842.0386182963865
1596.2325256745407
1717.249460724427
1841.3287617236574
1574.197142406999
1527.8089828385826
1835.2681179814313
1689.056632249381
1794.7744883022158
619.9574647580858
1794.260137019134
1814.268969511233
1523.7627073271196
1696.495989907335
1843.8006001217145
1390.7052886032147
1907.3284839156588
1489.379471292926
1185.4853386000098
1336.957923801476
930.2543922886709
1539.5515114582279
1557.721658395024
1694.5941971043928
1169.811306531419
1690.8197106949713
255.02089723821175
1868.640783905559
1488.9737552141094
1308.1065124580282
548.9350465920827
840.9623052666369
1706.2855263822707
1651.6070451566743
1689.2317279948766
949.579332118453
1758.4185796702443
1308.1639900505647
833.9132312626324
1860.996439295946
1326.6889614980848
941.9930938595916
685.0624279455485
1186.3788372473834
1853.7192859123097
1916.4500744145428
1306.3194728954527
497.12128282518273
1158.2434317546304
1121.9700572398476
1036.213236768321
1686.258566596248
1248.5052927973206
1410.1702311885965
1295.4778061314921
1509.3372154450988
1405.0192782625397
1879.6900090270817
896.0474751145442
1429.8586980074344
1861.2468043279287
1686.9154672466218
405.9000145267898
1898.455607133937
1574.5149432130295
2030.2526086421772
1826.7752206221107
911.5285327610671
1088.6545241096596
620.4124664136232
1710.7117757834017
1749.2772298507875
804.3652627921593
1164.205504512143
1594.378016505152
612.5110581853169
1131.9737413345892
807.0729890914018
1750.0133888790383
1528.1543964420182
2032.241713574163
1006.7954908504839
1131.2126620124648
1225.1934842596952
1546.1181872193686
1878.1695707954216
661.7918467377639
1835.5928910267899
1341.8847705508817
1478.4698642999247
758.7820287673438
1598.9530228138433
1566.590059789036
1800.1267899538157
1725.6248491196568
732.4913502793099
1589.3775853159423
1183.438624778371
1766.149224061389
1471.1362201405427
1595.252515857399
1621.494005428657
738.5745570694546
1159.1413499306327
956.8272289686971
897.5648264103287
1440.2324488761824
1486.6215117099398
1699.1721741192916
1496.6700107717718
1500.220275015013
1502.4093674033609
1308.7638121052748
1318.4120817824273
1402.744138167701
1955.8173402442897
1063.7624875841673
1780.214853794444
1607.2690298604648
1730.646487031071
1479.7010937473503
1102.1205216843255
1402.1148706342808
1924.1298934001525
1698.966073446063
916.9771496388621
1507.2455603045908
1521.6238711071837
1971.143540103436
1592.9632949147035
1602.3418489853088
1669.3559467057146
1320.29234448084
1515.395898334053
1576.0249018123438
1836.8929180989371
1124.1963994903244
1516.813135148362
904.3361747529307
1796.902925673695
1773.1774779142297
502.9430299726344
1549.1668474054577
1849.2856208345158
1837.7573941081878
1478.0150295402773
1300.4641364914123
773.5983852956625
1199.2542452185103
1836.713202724884
1139.238143727824
1671.0649559166566
1242.0060452019136
814.5061788668871
1484.6339394906565
1635.0506586440476
1365.0862239620642
1657.4490991833143
1240.5214536320304
333.87804761399303
903.153433043845
1691.8583617660227
1983.6787882098326
1593.198754523394
1602.5270814180676
1947.7216879106825
1332.9781488862488
1518.6312952472153
1739.8909958329668
1620.425972459582
1311.1914007958978
1519.4618880089522
1475.7272318354733
1616.10627676955
1071.0643108992635
1693.442926077255
1536.9364376593098
1185.5288693258299
889.2013013008199
699.8749716175757
1741.0943596121
1207.202300249888
1575.8363606211803
866.740703480568
1169.691657144627
1485.922721624753
1627.8535272073905
1039.1755953613524
1296.2002204603007
1798.83023293155
811.523763343429
1862.7087759152075
1085.2182882364118
781.6950170530466
1614.5164536792906
1034.903907882687
1674.9545555235516
1884.7313032667814
1101.879965593822
1792.182510859191
1856.1637647159996
1878.507128805845
752.3573394741295
388.1187307296447
875.600480361633
1515.5908754317165
1687.6616155683748
618.0136919491055
1821.854901137472
1844.9731065944204
1192.40187803103
1673.7270283001208
832.5267479434337
644.287022782039
1649.1977864844678
853.4835722644451
207.07900893068756
1114.667234107184
1739.9023992750342
1691.746649920357
1661.8196737857543
1910.5577060075075
1687.230994488326
2016.5264519642194
1682.8561931045294
1323.2486237359644
1287.2122718225191
1629.7449251287862
925.132367901572
1499.9631666647726
1545.4862796213401
1697.9423160793056
1250.0776200899043
1681.7493299859705
1220.915022388575
1674.9194341338937
1526.3737148092662
1486.6238448509698
1384.452930683725
1084.5342937468247
1835.2587497025286
1084.5310564425693
1616.778283049953
2027.9667368940306
765.030065130851
1756.1389888499355
207.07900893068756
1914.8916953023552
1308.0242032125348
1721.9639372655192
1731.300640159726
1128.944631426679
1695.0477920427718
1950.7956680058871
1551.5798713198665
1549.6227665824479
620.7694828597688
1503.9498624368944
1769.7036214494985
1523.5562979065853
1411.68382048491
1809.161244134014
1121.3595595474835
1883.678030129029
1589.0706629387098
1321.53093184166
277.8914682500418
1827.3187553820144
414.1893907858938
230.83251691890678
1262.1477191809959
939.038980695811
1840.4434652328432
1641.1342223238598
1500.1114429544873
1862.3086739385253
1576.917524918402
1507.6077385698816
1587.3163027905669
1155.6950164130565
853.1307651206272
1613.6421080639211
1162.6657841155038
1607.2411422054442
1303.8547391693276
1536.318957593122
1648.3692580252116
1655.1461834695522
1626.190979903059
675.1436303324174
1437.6309602330884
1411.5794584891607
1712.1029580456538
1000.2655182140221
683.6399772734359
1269.6693249336781
1143.1152749502032
1348.286408473154
1094.1546512602274
1676.0819571085767
1519.8908015913546
1722.4112990626231
873.7263613200979
1778.7250125140781
774.6387505166086
1964.193235481759
1818.1025196623766
1573.3286849324338
1174.5889414932572
1511.741750099713
866.469566895508
1871.5571903854823
1270.7277067005566
943.9036913717651
1677.5233666310653
964.1383765152682
904.8819120340779
603.0459454646037
1118.9068268176177
525.5032008466721
1848.983191731743
1854.6299319374411
1562.0993557049037
1346.1710254312434
1207.5144554459619
608.6896157136225
1528.1238566042387
1634.5440695241098
1158.3053505277858
404.4202818859864
1557.3663940481692
1589.218006414165
549.9481932126636
1346.0098963413784
796.8833329305118
940.169782385336
1214.912983331003
2013.0322012989081
947.6636032215902
338.0088606253094
1215.5693699255623
1933.4194963563796
1513.995231103521
1752.2070325470006
1865.1429205368408
1338.2017292973185
1560.411669820698
1862.8702612478446
1250.2819987592661
896.5318024041043
989.2110041626088
1677.1054239962987
1293.743937430578
1646.620794688994
950.5213623245784
1594.7482368810677
2003.160068847669
1621.184222902953
1135.0427945109057
1856.55380662288
1921.8099279881126
1309.1193879176549
1777.00413447428
1394.8909802871008
943.9097318577659
1784.3265549194766
1347.0655924493994
1272.3722292150803
1520.168381476703
1797.331222575608
1497.9714636376457
581.3234978942637
1525.6325126491893
866.9874327482125
1028.5870123765965
207.07900893068756
1569.8879036851579
1832.083723534596
1801.4243611264108
1224.4508036500374
1390.0143705216724
1790.6338350933204
1851.5763377061912
1542.854185055081
1149.4003714790417
1424.7839976715447
690.2097909278382
1725.1975142368963
1792.6284013398817
1128.7984262915177
1720.0330139675339
1325.084762457254
1737.3070175991122
1987.0178319888762
1670.3502959484165
719.260313412293
998.6356176319557
1549.703465065827
1834.90994638716
1511.2971574670905
1154.321185465474
1516.5805246895748
1280.8691549097475
1169.3871410475795
1853.706162481378
1599.6732918147234
1840.8929357608602
1618.9547921574301
1103.8453434256478
1893.6929986724645
1474.7075023988452
1647.948110126633
967.496659916646
1573.7557031133124
970.4097037738896
946.5433891172245
1500.4652477395412
1653.435832365858
1513.056449611434
1520.2839292742917
1894.1452165330984
1251.1855131279851
789.7417714042521
952.8760444738732
1798.6371676171498
1675.0795458343553
1614.3416209049592
1317.102922203757
1176.9878469094592
1335.191363938243
648.8334713107002
1924.3597954884704
1072.0924796577756
1940.4237411816823
961.2772135844879
1559.0605166932435
577.116838221225
1543.114590119665
1163.1498536634685
868.1273087637422
395.48363028340714
1686.3693015328938
1782.0347517511118
678.6477346822867
1155.2858634031088
2010.2890116426797
1825.7771203271197
1206.0487623933384
1860.8194218091091
1518.3111658352454
1591.250913748889
1545.0095380725747
1497.0124552952684
2042.0059155156357
1107.799526520795
707.1872461328312
1936.2053548716265
1577.3914024895855
1553.7912675065875
1834.8978848060046
2044.1668828733757
1565.3981406578991
1586.6649640902726
1659.374867695762
1396.3760911307643
1227.5467825164226
1243.7217648932585
1295.7967343346327
1636.9500263895038
1393.250927909656
1959.1770776564065
1607.5477073703453
1536.9369431973435
1679.4280198523757
1659.9141100849708
1256.9149756849672
1837.6982550551713
1030.5552825127966
1424.3266006857973
1479.5733792527035
1645.118990942076
1941.0596504467176
606.1661283449749
1197.5155866747323
1449.3674376071806
1991.2478998731704
1796.2328833244196
1148.2036506121046
1887.7447934841841
1693.9264004991694
1675.6352825674971
1891.8084945867658
933.3103694123035
918.5351527563854
1763.2526089348642
282.3068860540892
1850.766087543854
1916.0340545331997
1925.6946439226017
1730.9484132538153
1509.244756633024
1562.0056569779128
1502.470569510685
1823.6091820090119
247.93504446015646
1637.8713679658033
1201.4689518910704
1219.3410204547527
1864.4540472449482
1351.0932666856354
1229.8345042045783
1567.8827473034687
1656.541280370471
1561.4608459698647
1505.0270636642242
1586.0889385106998
1333.5098398110465
1832.4756341282975
834.5899588175788
1446.944915398856
1228.5763339564317
1130.3132233197693
715.0323809290843
647.8453503789752
775.3965223908937
1591.0863007393302
558.8553025221138
1512.8511173280137
834.9275257255414
1566.295334673157
1872.2048958751466
1890.2244725691505
1562.2952644525221
1908.4010270287401
1504.8057229222443
1336.5287595070922
1685.6538677888939
1844.0324667267366
1149.8051743293117
451.6666172935235
1208.613920420974
1802.0241845618616
1662.348228117114
1896.925159917857
1854.6959202896642
660.8461460470897
469.1881693087526
1826.9336538759296
1154.9117755424973
1731.8814231503484
942.955969300634
1834.3847954462233
1108.9019472442353
1639.1406607291026
1224.186060993755
1116.178724655672
1312.8995291869867
1516.695160756172
1939.1629967073095
1260.8843633755948
1935.1768773462431
1507.0290188158926
1554.0465248614978
1587.149837946775
1652.4157195703924
1873.2295318773836
1671.5888890278306
1583.6563583424722
1303.2034440185075
2021.2087033285231
1177.4855191965876
757.0127036843302
1540.3731638483466
1318.9666412923445
1527.8191826414309
924.3580893200601
1307.8356285427622
1221.609961103401
1660.8946695374686
1589.6156707335613
1926.179400236587
1323.1908189173048
1352.991843163106
1515.8703897680302
539.9874144786787
1589.788810800769
1526.2036843060207
1891.8565049328438
1901.040035431469
604.9699474909479
563.7224540872357
1593.8701649147035
1870.806643032687
1126.0623874737294
1868.5944700914492
775.468060227719
1212.9539432072904
1460.407640460086
774.3924364418002
2042.0059155156357
1411.7875349194
1067.70812757618
1781.0410732859477
1896.1963155044186
1486.7891363850813
1037.188573348202
733.0914153484067
1507.8818676414828
1620.9686104625957
1848.1058483527634
1569.4704929852041
1688.3756730055097
1638.5722770124444
1141.9396467778145
1800.230115150808
1668.3223576621451
1393.6090939204428
1880.3680873177818
264.11921463796114
1690.7833381524097
1328.5882372544377
1690.0013339982347
567.3611063844434
712.0756257853943
1929.0016055561355
1886.2583215228249
1287.1319213229012
1060.3761537453247
1534.494375669305
1852.6261108050744
1702.410786232229
1276.9396607800288
1614.222756973084
1621.8064586646128
1265.6700315587154
1682.34648649797
1670.8921786581516
1516.6031788136015
1141.2961177268778
1273.8559053720287
892.4668201401494
1679.232302163803
1989.5569975322092
1611.150219551792
1812.9251422252332
2035.5736390938657
1854.728298679011
1569.6583097245232
1610.094034881248
762.551642946311
874.2374248856579
1497.0626620147264
763.2207069863795
1499.590974249851
1483.1451066971076
1906.4804957964254
1106.8307630478973
1920.7970231620093
1585.0608004981507
1661.7957404756987
1694.0171977724651
1512.5217971346099
1798.7884214766416
313.2772996162952
950.4985773581162
703.696671062465
1470.6642532231274
791.4445022013655
1842.4869479253975
1698.9596503294094
2036.913268825232
1589.1492001595066
1282.5763798236223
1140.3240530300363
420.2669795553188
918.5948883948164
1716.0447250046718
1534.1848189736795
1690.5995988352395
901.5060659509965
848.0565370454274
1325.234767666755
1272.1518285750487
1557.025472347611
1022.3813382177223
825.4481716276194
1524.0465617477887
1417.9454342702236
1922.7690812740213
896.4008773621874
1344.8554232659
513.7316951675532
675.7461283339163
1894.8699990648072
1392.8670296032149
1785.1618732233082
1505.4336631191443
1657.1134208098308
1529.9233648305665
1833.1929126552573
1887.9786312774481
1356.2600228706176
1917.454361956067
1526.407786147965
1650.4502302185922
1019.8564219456094
1490.1917218158426
1682.1547090124259
337.43048415294567
1875.0217855020533
1786.0676895756278
1189.600444708056
1495.934362476065
956.6099399805693
1685.6419549498805
1312.4755160043546
1552.6290582831866
1510.673388046194
1514.74930348615
717.7094708563639
1794.5388907171232
1712.5751026186701
1665.304218308906
867.0311138001689
1001.0590019607242
1800.2251899718867
719.4709820185997
1657.0190822677132
1900.2243384512701
948.2117794089633
1417.4839784590806
1936.444572239834
1601.4540997167437
876.5109074024404
1686.9452732868044
1175.8365387856616
1174.086968440043
1476.1772101449042
1840.8555569424461
1026.1260819540566
1275.9610145203737
1949.1900028195475
1526.5026573963041
1254.3570990643052
1672.1200127943678
1784.6142748752784
1353.752530757878
1000.3182698470289
1594.9615221671688
1163.7947996483867
870.1454710785107
1228.955662220349
1474.8007559901787
303.5347912187391
1660.2706394833122
350.21770323526727
1536.3226746642567
1311.1396792328844
1719.1847636589953
1682.6620877968342
1815.5628932958093
1503.4330321960638
1503.6442783029713
372.243513490165
927.8836106614928
1573.957742987869
1897.5735557411354
1189.6992024737242
1630.228352726993
1785.1791319505396
1600.9817994935015
1420.465361438088
1520.7632232940166
1214.6557698982467
1613.3556778161328
343.4548689029329
2027.9679680041536
1330.1526858948794
928.0564957019642
773.6814686289958
705.199587828338
1880.8416635093295
1426.9649761434596
1468.226224673931
1932.3607665057755
1824.8421326452135
1310.1779252719762
1654.263941039848
1601.3174755964671
954.7789716504356
1844.2877340729483
1560.53408468778
1661.4350978067876
1747.6346685836415
1554.381165310232
1929.7600598045224
1500.7122506885962
1755.0266691135976
951.1856357011577
909.9368310098831
1662.6508472478395
1684.426139062432
1497.1834765044389
938.4804926104634
1982.4197287596435
1481.4128163928779
1586.1333806089644
1625.8768827109152
1551.2206276834468
1510.9540709621824
1215.5884773145704
1519.393739522153
1278.1551812197717
1876.3146719707756
1240.3463444473448
1673.5444939437252
1653.5264356235411
1665.16680541774
2040.8793983889202
1355.9230861497479
1481.4128163928779
1534.7410830489368
1640.0509681945528
1475.1410162057998
853.2832951321021
1140.2453072511473
1586.9274870167692
1486.061163165788
1852.1301022346515
1590.8141794314054
1257.3848923499875
953.2350485180369
1171.089466821665
967.4864681696624
1868.4096776775261
1525.6283382584397
1192.885761561298
1847.0386499767128
1496.0711327133383
1721.7424030036386
1998.5409848134357
1820.4504733941094
1654.4827611314008
1614.6338819875411
1657.7262186929017
1208.0772969430948
467.79328557400066
1594.2082884150382
1982.2775579749753
1787.5832187918215
1639.1461660133546
2022.028508357795
1659.7718584034521
1831.8234846962807
1335.2761410668622
1007.8945745063262
1253.4750217978176
1722.040571623781
1603.6857143001005
1656.8679621617096
1239.892132058351
1660.2939109116073
1648.2746018662388
919.7605493561828
1835.2587497025286
1488.336917651746
1918.6114923575979
1996.0752734037271
1208.186715390145
958.5041111983531
1534.9424468055322
1827.462095020655
1759.330059595
1652.3961508672123
1126.4180917590515
1923.6133326466372
1838.3455560277876
1755.408824599221
1174.6522972295227
1659.0873657558823
1961.6244836400147
327.76803239180396
696.228746200817
1355.4802021640999
920.7094429862716
1628.5553627371692
1175.9008781464115
1790.7161164066024
1094.7560082970977
1223.6208822611486
1240.6540360062054
1145.7195510272502
1664.4515093527295
1658.1771472724163
1280.3946451632507
1217.0267784548046
1674.6432592094
1637.381462673541
1515.1545031300536
943.7723908016927
1925.6389426500286
1494.557554941432
1491.8876725919345
1273.541626771859
1510.4928800107857
1760.0860839949808
1298.0244722365064
1198.7885287768027
384.3275324912456
961.5687383620775
1521.0081296243852
838.3256177963102
1496.5086626458235
1626.1951606575553
1539.5851138077824
2033.734893464435
1903.0640105563275
1801.3984418774828
1585.7764839982274
1649.7692024508437
1494.6725265065506
1921.095288653259
1558.3778737518196
1638.0080653540706
1855.971530664672
1942.8535979737796
1335.7966764004495
1761.8100896748915
1519.060237278948
1646.075308125989
1698.0519760661614
1110.9896335395515
1252.65787824041
1983.296709011371
1996.0845034724032
1399.0516711629198
891.4652566314869
1601.7736594902246
1949.4895096320622
1544.9860867448374
1666.7239094042416
1599.6967086857996
1913.0572727155827
936.5266603262054
1657.5307111902569
713.3850050433217
1247.3857053507493
1668.2520074011586
723.4192074950857
1493.3592969267393
1656.179982488294
1908.060191178511
1835.643034098883
1656.4096986046604
1157.7897694580508
1135.9177058118619
1386.3422136313122
1891.3455044064442
1834.8756074769396
1507.7057245355752
1657.8237115065467
1350.2439953867088
939.3471252735433
1675.5374261412742
1222.4925191193447
1520.106657402163
1223.5279836884845
1514.0722457136956
1849.642556375389
1859.7185370482389
1952.4587868286196
1505.9549376890193
905.6032686829298
1803.2131361226507
1167.427841384384
1652.2224400892148
1303.2707111761056
1669.775896994009
1172.7143143522615
991.3728970017555
1235.0593815105874
1569.575458194414
1449.961920101115
1636.2382376358441
999.1238316440355
1608.7693053310277
1667.3473643484065
1665.5011253372616
1942.4862965083148
1892.9864770766178
403.9523706411126
1226.0708274570939
1155.731146451307
1322.4462957240726
2034.2929286545432
845.9635955698518
1662.5065143811028
1777.5642382971312
1144.902073019788
1281.889812806596
1835.9205894429265
1829.4220173079302
1514.4295985841316
1604.0032681696493
616.8696109258211
811.2101373223369
1174.5032424495396
1585.5894001310373
1530.590752539012
1543.3029309472088
1653.7111170246558
1607.8221362371728
1535.857086579191
1651.9060037876156
805.7561220091891
1653.669870150754
1828.443228637333
1917.8811274872287
1928.1567655456263
1838.1484279012896
1507.1720472063166
930.2533856103328
977.6526188722745
1770.187937409438
751.2340965173047
1401.5615851714188
1509.064563398833
1653.3954953054335
830.2887171658946
1727.5489002303364
1854.2307002630657
917.3465645908622
1787.8821022980082
889.2013013008199
1052.8848437435154
1790.899800925153
1335.9987430064546
1832.114450731627
1850.3472016694618
1658.3557746960862
940.203020342097
1529.7560239402728
955.8785947707393
1349.9475900286102
1565.5968091955908
1210.6355232996757
1604.923529757316
1542.495112353079
1019.5112409545336
832.0343237349355
1581.1200380609762
1136.6548512591564
1964.500730358749
1242.32077267795
1239.7279925777395
1783.1745698859997
1493.9688720342433
812.6661662401574
1224.1601882067469
1502.5489019025895
896.3436326892856
620.2719845011829
769.4691495017341
461.28373102543094
1399.9746976534313
1804.9990991688394
695.8389882146918
1657.7071034745647
1668.6807953173989
1656.818842950904
1565.5366674606735
1906.6582424937826
1804.433263638547
827.0523931101025
1456.9884072972834
2041.8653244284499
1517.068488703865
1693.7969450940273
1339.5438286802876
1493.2404282927687
1723.3113249651226
1361.5713913580812
1319.7735764384713
1080.1042421812322
1569.7058333477748
1611.0967934986338
1506.3941001572036
1212.7934296282956
1678.6227557697168
773.515282781191
1092.2485521056149
955.1402624998738
1656.6415176952346
1001.1538490965908
1295.3626701735502
911.6764456473738
937.3676479465415
1442.723532431342
1020.2525936365921
913.0738084603454
423.728813457511
1599.6039417159616
967.9223483080582
831.1887672105862
1884.1113355294863
825.0664577723119
1957.3664088407577
1314.689578124224
1662.7641811541755
1837.1082004535
1509.7525851920957
880.0748812240563
1810.9328549297516
1866.1701465319288
1733.29735150662
662.4419872439814
1109.5121230491623
1089.256830453508
1707.0876135143324
566.7060745161925
1397.4670506574712
1698.7395352571205
1500.885128666221
1886.4193135550229
1150.9965017463987
1051.3222961247689
1669.731115744009
1534.472552957109
1948.444544237349
1894.3930715349634
1504.0595434638801
1686.9716354889226
1607.7504105471992
734.165329080553
1590.3658064401368
930.8276512506667
1719.8744462874067
1026.9489821296484
242.67649312693084
870.6752560937585
1320.599216533685
1606.5159728295134
1768.9748924251608
935.4977684309825
1491.1224932956902
1363.9000915022782
816.5928311996554
1312.8809824580283
1656.6634854038668
1581.2815681243333
1635.738438698237
1850.8377910679233
841.055981221487
1592.7270138012207
807.3679265600764
1832.5916024559338
1113.9683447242937
1232.987249273227
1101.3570176430926
1946.465740082588
1312.0103993756982
1279.2511227143582
1939.7444243154105
1577.3237418979616
1269.5769124414257
1871.7721249992885
1751.602802290112
1603.3822418649963
1969.962187098604
1630.0161213400977
1118.2569224835902
1569.4302131368838
1540.4544085467658
1581.9230341922982
1203.7392808270752
1677.3362846085683
1184.7964721653345
1605.3115904621586
1575.2125857657031
1828.7116346795062
1703.2289881440574
2046.0189609036786
2029.5770049709051
678.7337026330649
1514.2637927669186
1631.2518025620768
1509.6146882910564
704.8475814992294
778.4054579573268
1239.1218785501007
1986.0853171957544
1385.1322749140104
1253.227379548623
1828.3794786686203
887.7786411164692
1557.4841968259027
1647.5947410970357
1732.3348896776602
465.77862165243204
967.3741793152593
1738.3279548835396
1654.5660672650154
839.910256339146
1159.000268461855
1914.1435305565915
1799.8789185620392
1676.7544955137162
1832.0596662391126
1412.9571706094569
509.2708167403405
1914.5324985620985
1508.2778155042934
1245.994333851724
2043.4743394751072
1432.2225756927671
1827.2836682826196
1179.892338021434
1666.0814742444295
1720.9016436172137
1857.6110746793836
1773.3246928294557
909.3931097504328
1630.2071988229945
1317.5768056162553
1730.2350764623973
1885.116269115928
1480.5118064478365
1600.9636335033438
1364.6597094439746
1747.3502761149998
815.5396239960032
744.7696946059286
1116.1000947663279
1494.7112891322574
1791.6178382680744
1094.7042247718978
1747.4390123003204
1261.9718037861012
1395.2908587453624
1509.6983901901538
1554.9929683285563
1436.6518835562122
1182.2578462807626
1889.661188532123
1922.8879562778932
1200.1624436618329
831.142810412828
1101.4025830973758
1398.9588505950555
2022.9174718553215
771.2667423673876
1756.7572466830734
1420.1934044469801
2040.6817949016006
1492.623039865178
1918.5628065201788
752.7534140182424
1559.7744216111196
1350.137409450419
1162.2778473201388
1514.2916999204713
1068.4112603358292
942.5272745375041
1581.489795062339
1268.1839712083715
1789.5144620739434
1524.768865571027
1527.0878121530272
1634.290224683732
1491.2743451361532
1511.601249018416
1375.9888075295437
2031.0811278041724
1555.578092975052
1546.6409618606067
1116.0438621988442
1128.375193367945
1834.5003238853094
1605.871829348721
1514.3207140904456
733.8986656745992
1431.4135813656478
1707.993188362666
1558.5678569459037
1838.3202902750554
1964.7363126838509
846.5237293136964
1510.4191227834829
1799.2226750064906
1616.8181751328373
930.9494109018232
1913.250135302552
639.163338816719
1614.8120821014595
1653.6943558123523
1514.9859151328449
1238.7862298793325
773.1366454711184
1179.1014873676306
1738.8465434228774
895.1907996979683
1637.1782110333831
1605.9979579676294
1508.0835863273512
1686.5538403818541
1306.4352146324306
1897.5368790935865
1596.8053474548597
1636.5167184443558
1658.6985710515878
385.1981796663853
1268.546766583063
1156.8492663418056
1688.423295991336
1817.7729857895538
494.2661295787113
1336.3318616903982
1315.177419297127
1773.7991990748353
1912.9516143213177
1281.268065561469
1865.9531909899965
1852.8139179538628
1133.808410768724
1627.1170830708704
1843.616376854607
1567.21145720328
1555.143955039327
1382.9114957226686
1202.2027719154953
1928.5064891305983
1457.2599944585909
1259.4723745152635
1495.0118954168154
1686.5141977273436
1516.0977986589871
761.7879735345463
1520.4512640178202
1882.987832920941
936.6634135541667
1384.1687850415542
1537.7310740570713
1533.127526920953
1500.0141549234213
901.2827542269869
775.5887985851688
1675.1272009407833
1678.4969782630378
1271.9620879338313
1285.4790788856546
1868.9785532367016
1549.9078639235931
1742.4805379028312
623.1283373657413
1508.9127601617552
786.8938744690066
1179.6170703279492
1500.8689773801818
848.2903816955284
931.7028400935102
1536.7946048910178
698.8166954400733
1768.489495174319
1358.5673826915315
1336.493553703941
1879.6516715897135
1342.6919589926347
1552.709405953881
1446.2754940946513
1356.1162714463117
1365.691305909832
1387.9081854041253
1066.1908567986543
1545.8511957976443
936.3785112272247
659.8686709622287
920.1155812009315
552.4238548838872
2018.9480592106113
1774.402662943967
1245.6447229766873
1264.7622309771161
475.8704854396739
1121.557041443561
1467.8807580141731
1332.0361048341047
1214.6856211325405
2020.3803132494568
1305.3730244564772
1316.670995591123
1507.8775346114144
1844.1296214548638
1824.1352424446807
1620.3055178064485
1552.7874181763193
1305.1239886696703
1706.062531247911
1919.05740556843
1558.057494620631
1638.5237960413115
1623.332348465493
755.9035124323375
1629.6203841096444
1272.7893962807116
982.9430089929069
1842.4703908217941
2007.0295943377612
1885.7631439094612
1232.1731914343159
1639.833891976562
841.5743649569459
850.1712185817152
1869.3198322919031
1257.2056508158448
1543.273143464125
432.3620366982189
1300.3114709440656
1713.9097650943124
954.6006147545697
1658.616430404351
1803.887496899569
1799.65232045608
274.7978743121333
1382.766527476171
2003.3202172995125
1926.2663191372687
855.5061932246848
1370.504843238756
1557.705023875239
1804.3895956193587
1667.022617839639
1950.119372189583
1421.6874623051503
1528.5677332855416
764.1515127548156
1538.1337130607826
1273.0848741031784
773.6728384200653
1568.2831411732202
207.07900893068756
1920.5705716184789
746.8845871997729
718.7872477340303
1596.1978975114894
1339.5438286802876
2031.543106151976
1278.3238960776669
1917.3754515321582
1839.3193818726231
925.2555307494312
1861.2767190172192
1610.890117446896
2009.3499882214892
740.7678498130075
627.6347225616705
1637.6114634405787
1696.243491653241
1662.0192703498403
564.6023816179744
1750.4455282626168
2037.211972886995
1165.8831364661678
1199.0616385765827
769.6447211464251
1695.7718467027441
1823.294467352534
1681.8437429502446
2024.6373089429217
1664.9014524014406
1519.996345512405
589.4323934880034
1193.2026579165888
1686.2735321934704
1964.7063519553162
1709.9664721555214
1799.617239843704
746.0496112081203
1678.697458004625
1484.9592925221962
1934.6294592139902
1338.7498874686573
1306.4727689505858
1666.754091978303
1823.0786215538794
802.0121874867675
1802.7200187565163
1393.8794718197644
1510.658687946844
1754.6048195156384
1337.262923956734
1286.2721992617776
1500.964854784151
1932.7464243226732
824.9238966081427
938.6355101565841
1921.716293898047
1681.8560779402062
675.0493160772769
1553.765833378787
1514.5794109907226
1571.0475736605806
1801.8022635161478
1836.3673482851952
1319.5012917101506
856.462520887677
1703.018728705461
1514.2331414435716
1657.19907548797
853.0045218303312
1491.2743451361532
1042.8521540676072
1475.9938139824544
1292.6732042502038
1505.1199850847156
1882.7146365677838
1607.5038708341533
992.7581383955347
1648.0911065592327
1555.0499237330607
1165.4501141132123
1385.3100529975118
1840.4274113790102
1761.7327011236125
1579.237516705201
1700.0498253880928
1515.0239852359587
1920.4021336341837
1672.2760395778168
1870.663903208466
1828.4167787296603
1206.058136590995
1468.4379671890365
1532.6497957376653
1298.4846239311305
1793.184067632723
1677.6432057403463
1830.8269448163526
1550.87543890924
1688.1047665282003
1914.45547150281
624.9765071360736
1425.1929964017377
719.4919741861083
1662.7552675959514
1686.1207276653574
1664.853196703856
1307.0034881116228
670.6285975582286
1312.3577933107629
1596.0224813375253
1461.6886294285614
1326.2066693834881
1841.6301187410293
1849.7225989679448
1172.7177385118862
1855.6121460857744
641.7090783992505
1525.4401561476038
939.910552736545
1531.2122134275105
1216.9067449147658
1036.0988358326172
1683.239556377499
1506.7479037192086
1230.2476536168554
628.2065132127791
1498.5911481821893
1475.7272318354733
1480.2647036808194
1732.5218179394226
1701.9159050167675
1529.0928477494792
1703.031729993248
1745.2718930423148
1522.6653177925712
1521.2593629612581
1375.9990084505826
1238.7408745729815
1468.6355355779347
1962.5034636748128
846.7354149666047
1086.1718349473097
1873.5674920949032
689.5892632253475
1690.7601160943912
1535.7084199244082
1502.659186882296
1306.1742895059153
1814.7665320124916
1136.1479482700997
1852.5513265822387
1831.9683309552188
1065.3828493590197
1694.0202536069307
1165.1967583300573
779.2451100332162
1424.3808456109966
926.425964212715
1692.5988335645602
1854.7505120949952
1559.1721805300772
1495.8850012986265
1680.2803282739562
254.73048317266944
1665.6549395038992
1181.1734458626202
1203.8166923879746
1648.599855195241
1158.706068811651
809.038999746084
1781.5676535648422
931.6552512084496
1392.9922110468221
1749.9880942376612
664.5325830623461
1519.9909481940588
694.2577171467319
714.5874725715064
1523.8526725843456
1627.500549213612
1247.484741555187
1662.47819723045
1526.6616991545459
1122.7074627558807
1878.3735769322543
1599.1814623873272
1659.1060600813078
1677.4966369742679
1492.5345811468187
1558.8672461584902
801.702376702531
1722.900813502744
1865.7158296394166
770.3563719030935
782.7520079477833
954.7107020184461
1721.330779993179
1852.2044510139478
1116.2492892461546
1941.9734439372826
1352.5506376384099
1224.186060993755
1927.555509996853
1300.9122180648533
1920.1281901106954
808.7344863301056
1472.8526563092062
1526.004197097668
966.6121654824163
1881.4429062882373
1274.2689837018384
1217.4295439389327
1798.3415773136207
1340.2709484187499
938.8161046206004
1756.1932717823736
1973.0918239540051
1622.7514757358902
1603.7017676672904
1206.1213231451993
1005.4650147792137
1294.497224532167
1568.5096025503274
1336.329372859436
1928.371285966273
1555.0279640985173
1225.1614035354348
1205.1482683164388
862.7017202821437
1774.41769241197
1609.5900628775787
1301.9558471421774
1494.5766151826483
1854.1951103264348
2035.3094202856394
807.7119393289139
1735.7756086778588
1665.0957180301696
785.3093819467508
259.53467535826155
1645.6312876885686
1356.7538503956641
1335.9402104088533
1130.1425329625315
776.6926952315406
1660.2903243871328
1677.8601168429775
1503.495045228848
1759.5371443590402
1649.685052137846
1460.083930322841
967.8159695543338
1560.2669357889563
953.3136222492926
1189.138731747986
1523.869092764206
1158.6126056757962
1046.899312163921
719.840484738826
1105.20082777036
1711.7036725934154
2023.345197579285
1755.8528192608314
1917.3709056605987
1250.7457044556231
1659.6281953970167
1576.9841920880497
1176.3242902851212
1355.9764740104142
1887.2105837607514
1170.7243955542583
1685.0972318234371
1590.8781713008298
1983.0420357205653
1521.275191914546
1458.526353626848
1485.3674544700161
1901.9461378188591
934.1969364104089
869.5705238858385
1471.8279830785093
1541.2901228798405
949.116479252745
1086.8392602272856
1197.8223136474203
1222.62221435387
1638.4067158363096
1449.9287618669991
1371.899927433883
1836.8989577034495
1574.3764015030445
1673.7270283001208
211.09632632995496
330.9828890997675
1918.5592536518277
1689.4491752497179
1028.5595753355674
1873.5971855031498
802.3260898846954
1122.1293922478433
692.950612070435
1629.6053239135235
1307.31591037909
1984.2015485213944
819.8425156829156
1602.8019382747998
1392.5215335213206
674.8397025141901
1857.8367493572694
1302.2389975305894
668.2617799377797
1368.246389298445
1682.8822338556522
1670.2330578145795
1266.9583415405316
1917.2238467944858
1490.7290929325964
666.0635683572859
1854.5789994515258
2027.7923100370458
1450.3345508287375
1944.568053331443
1278.9915431737682
2043.4852850204877
1251.3384383081398
1839.6909453401956
928.0297893406787
1350.1730841322046
830.8243463713316
1216.5032521139296
1602.554582990968
1522.1619422613921
1299.26777997879
1529.0430440877415
696.3121191498742
816.9784764416152
1501.8188519030336
1313.121287659437
1895.9168942467554
1827.7570827810057
1619.6796579129395
774.2817357852748
1375.9729416198197
1132.0691090927298
881.4563284665404
1646.138710316954
912.4294277352783
1485.2709095182026
1564.1767072117707
1443.72622394297
1379.2454825300108
1752.789736054456
907.5022413176573
1077.463612032416
1846.7503422932054
1363.2034346464604
1936.93144611644
969.7136406759781
836.6450743589654
1885.234226002413
1118.4269939827582
1349.783252046276
1690.1346863444323
1610.4951667519952
1273.058857041347
207.07900893068756
1844.888696168112
1293.2562064546169
1981.5168620788274
1402.7987802458865
1517.2055496955477
1270.2920119350345
1938.4181310333206
1734.283609092257
1703.996998904675
1658.4534189448084
1755.5336193426099
773.4672873514706
1808.1240659622624
1578.7488797243302
1509.7327228085474
1765.440715664148
1814.3374359862937
1567.695145615931
1314.0796059435013
1717.2434481168616
1792.6244230468903
1050.6203619558225
1721.2215307146898
1344.1517413963234
770.8313223886015
806.3322738152903
1572.2587110658276
1936.2254819659202
1162.4768562481938
601.7822607684924
1607.5254005049246
749.065170370223
1651.0745025096153
1324.2295397158334
1161.2481631869593
1533.4688436921685
1590.7553955533144
1531.7506576836622
1040.7311683638459
1696.7127191955435
1230.8329121988224
1175.94035334386
1289.8918569452023
1573.9135505462714
1515.782965074124
1500.6469292751146
1137.660898874831
1290.25198451704
936.1501497395379
1840.5891826792126
1207.94192969117
1579.1190016065111
1190.8463721468252
2033.9767915455068
1881.2055992343016
1231.2650939540274
1849.4878701723865
1313.5066090656842
1797.3588216639378
1526.5577958788533
1229.6465103730104
1391.124422054662
1646.1519648081637
1319.6318814210372
639.7475980273673
1670.3252649884396
1220.670503683231
961.1181994802837
2002.3910835590473
1306.4352146324306
1746.7046870054812
1137.8111670321266
1547.585956436228
1169.6614957150593
1938.540648831227
1514.0437856358383
1884.197621090625
1598.7805389150105
1744.3879134096549
1694.7462944939566
831.005623436435
1586.176508108424
801.3686328101988
1308.1065124580282
1105.137913798865
1235.4377941109053
1070.510700688557
1935.9352936137516
1766.7458663502211
1522.6121947920196
1216.717143610405
1022.6037464536686
1599.6967086857996
2032.2931557605323
1709.5350754803128
645.5025164889847
1167.2089579527906
964.5995175940545
1580.6746211725551
1404.422794559562
1574.8957750601387
1626.0273613513696
1494.1074427216975
250.48953186275386
1521.9383160405991
1741.49178521734
1464.3588893063966
1561.5343931641867
973.9286239210032
1879.2469370077201
1633.2143658716072
1073.8260862550767
542.7334492993377
2039.4837531750911
1173.7612415879125
1747.499214394559
1674.967326651014
1314.3787948534105
1922.2434671834123
1524.050742091052
1805.2523142091286
1827.5224985253335
420.33564099292903
1320.4888637432393
250.48953186275386
1724.232648436999
873.8100855055233
907.9367487756182
1825.6126679667059
1796.5648534473337
816.3139447806007
1448.8986137338409
1558.4150604016543
1945.5661521138652
1847.9396538674584
269.842306911231
1614.2245315182508
1074.664875460883
1868.7801507757351
1335.049995323902
1939.468173427624
1972.8020508407626
1967.376321758853
1515.7051818179812
1742.4549183218478
1231.6426053763928
1485.922721624753
685.8433426688516
1700.2055775378067
1514.2331414435716
1115.0572876013057
1166.9475262247404
1627.656249466982
1320.2222926303125
1666.1601856327163
209.57054204424068
1728.9367625406808
1647.8476771012936
1130.027455605201
1093.882862860515
735.1495003121253
1520.7683494546372
1192.601050527873
1170.1718315911417
1232.2448649886944
1100.4026424004187
1521.474526463065
1483.6069487078269
1131.7277345159714
1522.6243761255894
1523.4419891794435
1470.818575464189
1528.7365063633515
1399.4524559172066
1675.76060554329
1878.0840448909587
1164.1283866288306
1218.1980434613176
877.0678052877917
1636.6463660263541
881.1472047911369
683.1140595069268
1262.187396844187
923.1015976720868
1901.98228242153
1534.7073882072402
961.6032193576672
1885.272499670324
1116.6088921811888
1931.1659987116868
1312.1197124728815
1151.4045594197287
1334.9898231285767
772.9906252956625
1301.7319827749527
1302.2693175466277
1360.942066217568
1830.2551865876142
907.2813234386489
1269.9531722698714
1465.0167888502813
1580.42496154655
594.3503582589301
1510.8830700700746
1327.0602668415327
941.576100066674
1878.1695707954216
1850.3764062675712
1154.4133712816565
1337.4584088898082
1301.5568890185075
1689.2534770234563
1683.1196290598093
1307.7579740800977
1342.1067912142078
736.6086900542043
1965.7238411213386
1294.5598940812793
1896.685078528608
1213.4130939022343
808.3372107951778
1936.659897230311
1514.8646721497978
1540.13361170927
1216.5237052404223
1640.0756243884055
1548.291222941574
1272.9219973407385
1278.3827975845275
909.6459807503924
1303.2928177928143
1361.588329100944
1486.1461287412917
1433.3392454703926
750.1260510754752
1350.021217188677
1189.0658921359623
1338.765537554977
1451.8601634390063
1602.5270814180676
1887.9297585534493
1667.5568538111709
1303.2034440185075
1904.277051335172
951.6679151400792
1543.3263265062149
1135.936907988298
1741.9064934210542
1246.358594457975
1263.4902355888337
1621.6762928052533
1574.6180622040272
1651.9002423058375
836.3951428020243
1157.5460304120188
2014.79740541333
1817.329072157162
1704.8773486386303
1557.456375075808
1914.429747223258
1745.1155815688403
1940.2018474619215
1641.596529576701
1520.7269037298643
1535.991198071097
1798.5469915035792
1569.1397126992645
1224.676578195492
1483.9473576732073
1526.793095846364
1312.4174299424058
707.4109595594913
1093.4953307897088
1739.348395562662
1220.9560181074517
1711.6367972370285
1914.2732983445235
1697.9423160793056
1517.1550242428482
844.974396833177
1537.217556750183
1851.3351414054098
392.34082149636083
1490.8925315743113
1310.930841044196
1596.0577922441769
1552.3165364564074
1084.735558833602
1361.8494040706753
747.9776895049935
560.4473975610425
1284.7739876759122
1688.3553735518774
1927.8383740082534
1880.7547496701523
1694.6306080078718
1373.069686193914
1654.3974798742386
1627.0957716041225
1848.0787698553827
872.6651230126545
1739.7067807427595
398.2538807898575
906.5581884804872
1142.0000949160253
1485.8301199095229
954.1057343852194
1652.626539288336
1169.5490006337773
1546.992487106696
1652.9299203705523
1746.2163214094362
1340.7873088369458
1452.69804667768
1703.3626330774493
1219.658200644614
1622.2180822391629
1874.848839729192
1680.8053403340182
893.8291321193403
1180.5305734166539
1714.978867400104
1346.8870122375179
1327.722927161456
821.4239060197249
854.4934364290478
1565.6033787828924
1723.9334881481348
952.7720526656426
798.1497409870067
1177.9485093324136
1771.0694868138166
1321.2219938635562
1354.5256512509868
939.8102673559963
1844.9666346025606
1556.7054403245784
1660.3796080514755
1677.9522868591428
1481.848351662106
1302.6063679629142
680.8268680805221
1425.2472401250595
875.767003653235
829.2138244240019
1746.8963111959808
1947.9299761528807
1334.1273684199862
1944.4439131749814
931.0911109018232
1377.7364160809304
1013.1817265531246
939.0219709920967
1103.9077814563702
1229.8659640539386
1528.3426579628642
1577.3181970843145
863.1661014509161
1501.4805079629032
1844.7379698633547
1437.2819157341464
1322.5534332012276
1734.5088251404534
1618.8773322521697
1894.007082834485
1248.9904504722472
1131.1714066074046
1518.2168461563656
1783.3710526328618
1299.0997366116594
1333.7591746683302
1555.0279640985173
1159.0747735369096
450.4182522909241
1581.751835813867
1599.4396564925507
814.6113197075233
1154.7380581462191
1229.8878820319844
937.370848705634
1558.8878338874608
1515.4095318447935
1290.5126627347556
1264.520000505087
1675.461821813359
1590.3917555962983
1636.6583143243006
1852.287031384319
1461.3980826842032
1473.310375710576
1575.493166561666
1797.9921843262948
1692.1738506101572
1862.4764314030397
1823.5714029841126
1653.8460487039051
1775.3216252265943
1225.4613525953196
1533.954258583096
1219.8778065013084
1259.339451973986
1739.1412498107745
1350.0525926513328
1191.1769149868499
1679.1565955662018
734.7444082133491
1703.1094911552648
1225.5434547530897
1049.9188525075153
1119.6922865181987
1922.4565996734586
1537.3826770546473
1498.1737486128827
1650.1300777155104
1449.8791272176481
1529.9549951419929
854.9123006367732
1478.492569300625
953.4197474998738
1501.9177647961299
1687.1031432671755
987.3388886944978
1303.9143907467849
1473.7731177418775
968.3455819948111
1316.7879844412178
931.5463416943804
1549.2992456233405
1728.8299151788426
1032.9526402614272
1204.1976793523272
710.5683547290707
1607.8783056631225
564.5059405434346
1147.7925658935608
856.8789076764831
1480.8711214512484
1644.498333764104
1952.3329182924995
2032.2301688843415
1362.0778857903733
1910.5009209156105
819.5296086082323
940.2960145756851
1877.6427748695896
1614.2084966257944
1315.4760622577896
1335.9245982242553
1565.8300016748824
1267.901202029664
1925.9587234790697
1692.1063959756636
968.2633508157817
1998.7849217709197
2028.3586276600217
1949.8490650154374
1598.4149717721195
1512.4670216189559
769.2520160071628
1548.0172788816449
1250.7808071793497
1506.385298476466
1506.1514253601124
926.9344763519797
493.2039715707082
1916.332422381145
1537.0450403413713
790.4401144875328
1470.5732959309325
1633.7176232202462
1188.7143777318129
1614.788432233548
1860.145389523778
949.8114090657461
820.1140271742231
1402.7873369824765
1609.9304126909817
749.531116956962
700.4199142656988
569.4494681548288
1698.9433066427641
1707.1795764135097
1395.060408850857
1882.706465443013
1243.1363251779499
1925.0890468659588
1655.4778534386928
1353.5567900620326
1625.1298853152969
1928.117490838135
1596.7430801163475
1279.8273737013078
1536.069349035063
1041.4214265149724
788.7850550958623
1558.52349334077
1582.3452232204604
1733.9794644015942
1580.8358115783597
1074.7062057867165
1844.9742822716507
1797.4298755871437
1727.5186261809492
1884.601388938321
1765.4783860314728
1691.0243080004666
1484.224188896363
2046.0189609036786
1832.9573737714672
1251.4592241124758
824.8093909888731
751.7561663753854
1780.1496961316784
955.986773044141
1689.7267034731742
1686.258566596248
1527.1432551073506
1144.613492373854
1440.5118093500612
1346.504348337311
1509.8043990564918
791.6737809020333
1361.9593028667175
1786.3469742877676
786.8042457154339
1693.014631560079
1216.5541922065818
1649.9909257351126
1500.0444757056077
1171.688288729566
864.6176498353443
1519.9332605700022
1529.0847633960925
1518.4682293413036
1523.5046586644546
1194.9755757736152
1900.6637506826526
1290.5999658712196
1570.7819415880672
1321.5074931528031
1717.1158813992502
962.4215604446939
1701.793906580758
1686.7029060185778
1649.4493857773143
593.9565708213441
639.4223997998927
1838.1701317004704
1118.2788361224482
793.2355546775239
1521.332546251215
923.2866466822999
1642.693286885761
1667.1434852851073
1511.048361655508
1799.1316297307399
1706.9219076194295
1524.9172204658023
1859.0684953883506
1836.8589553415907
1246.6045469974492
1543.6012567455211
1490.1994194647916
1521.95305004732
1227.5611475508558
1038.0970912439823
1539.0064226956915
1352.2329611453083
1226.1008086517422
1538.1265942964737
1639.1472171527055
1294.2005591151578
1584.377144185257
1800.5286262675374
496.7601329096008
789.1642569682158
1740.1538821070328
1473.6142582523823
1362.981525664785
1759.3458647776824
1589.3775853159423
1250.6334151209137
1021.5731559160732
1685.2543843588078
1311.705513005865
950.1323831662752
1904.6219241763679
1494.9159811944326
1863.4181552852451
1511.771928865903
1695.8871722218132
1101.079203257847
1410.4483572760116
1658.7839186320007
1749.7036745272985
2035.6090851337442
959.9216136265358
607.0734533639954
1339.7986378796218
1543.460445815529
932.5808207729107
806.865590376533
1838.7991328993205
1182.3208897705297
1823.2527496804798
1265.0019883789914
1699.725462362874
1859.795412604292
1684.7892876294727
923.9107741443356
1502.9231628391876
1680.2963652618673
1345.997099273129
764.0345166178085
610.2569929409345
1250.4498258351996
1781.5541994886275
1799.3256550873637
743.577685990357
1356.1297283904235
1498.53418440871
1689.390089884326
1532.2176933070016
1839.3193818726231
1985.2156382664057
1836.2895952618112
1470.5661004062129
1942.1074928345258
927.0011986427446
1146.5827101222706
438.90792836458326
1679.0802089726417
1508.263324688565
1291.2888094039945
1536.8125580950134
1541.0498889721316
2024.9675704476726
1830.3519049396832
1794.7744883022158
1389.2101749294452
1322.2812581804087
1507.6868373649133
1638.4071359517827
2006.5384827337302
1928.959671982287
1294.580957529218
833.9569492866017
1574.792779900605
1375.5331488842733
1164.7425072081771
1421.4801378380853
1484.4243315054089
1874.4198786119725
1156.9044258028518
1045.5760773263096
1324.7710106377174
399.4501623811339
1521.2469357734435
1594.1702736644413
1557.3663940481692
1435.4511158751186
1187.0578816208733
1179.7889419262895
1314.8251794705222
1123.6069258281686
555.1925361401275
1573.3964507595485
865.212450664543
1654.7858146796066
951.6679151400792
1839.8482085865373
1017.0322686958793
1865.7227378521823
1850.6635613229482
1584.5303520914756
1550.112118247539
1902.733077752518
1306.0512979657638
1802.279587888061
402.81116153863644
1337.1773287799608
2039.4607863761496
956.9893072897487
1207.4916154882874
1481.6458461056789
1623.1691976045474
442.6795058459885
1505.9157960771488
1508.2624252783298
1288.3283823883392
1859.0231761321477
1884.8700906525783
280.4942821529024
1569.196393304409
439.6320877758844
1591.972214751649
1340.3161257601055
1664.0937930305358
1472.1434235409997
1816.832010319912
1943.953042372385
523.1701468918425
207.07900893068756
1311.951333075312
1180.8273019919548
1225.9849224168127
1398.2379134645364
860.9725026256912
1686.8395772383185
853.3310945307895
1788.6165964229867
1503.0186551182264
814.9524319372481
804.2970701417211
1176.6780955020927
1596.0245130169608
1877.5690212616587
725.6228993265032
1672.256284288373
1537.9232528378511
1187.5695493450328
659.4757899236238
808.2276917098663
1511.0944298962443
1247.1578045122317
1146.4397232019696
1423.6115963462403
894.2133283751904
1675.5782954937813
666.2721506676215
1265.313923312921
1627.2142242000139
1669.21275382973
1918.770092018179
1677.905420605758
1357.1430484185064
824.1823340607496
1750.2979119448744
735.129919792075
1539.9592792499138
1185.0403213130417
1531.0909813127996
1340.69703743708
1287.3131060970347
1503.1255182557281
1523.1935418448465
1528.6591053958616
1547.4916443262734
1812.9251422252332
1831.561666916757
1765.515650590956
813.087274483931
1829.4500457332178
1336.9198177059616
1508.391683931148
1913.5679581994539
1610.9769223802543
1680.0524518925383
727.8129929410532
1159.8099197898034
1381.5834127090868
1865.4679975483477
1465.4691551251362
1881.2733657237804
1808.6657687980749
882.1599441882314
1571.546580847558
1616.382164859445
1822.128704871468
1052.1936659068278
1143.9109688594149
825.9653636530879
1464.7355533098564
2036.200313101562
1092.1329634519045
1696.1647175485773
1528.322152435916
1323.2198308218422
677.1348274834572
1680.7665720224084
859.2433749552912
1526.7084421554694
566.710433390856
1247.1000739087292
1168.7663934416405
1191.9661155885005
1789.1543983021938
1960.3035329772217
849.0634134182018
1657.1747521058398
825.4920100330964
683.1983397382309
1532.331560399524
1185.312346369682
787.017595817363
1509.7995074158603
1678.2951425164638
1268.5296346244584
1521.2547334568665
1221.0490010164294
1257.8679961568055
1514.2579327786184
1506.5152468575734
1174.9578822003793
1271.514684770434
1426.0783040554256
380.5134774119161
564.0725296527424
1606.625119806117
1305.4879322674317
1249.948204532665
1145.082605365934
1495.3770953916269
1159.7971022548224
941.2090384939215
1655.9462310668046
876.9075188047713
982.7847060471695
1342.1444242904133
1595.0704015276567
1552.1465487815997
1138.953256983133
1546.5602296389786
1668.1834769402958
1693.4013952637506
1384.8296353154221
1839.37521705216
1443.3576271353215
1595.0748031409537
1833.1412663411593
1024.6590497559046
1589.7632918708791
1466.004412970228
1765.7655595365852
1321.2219938635562
1281.5871457746505
1664.153522612888
1304.719383354136
1846.0661154304837
1862.6619002478212
1884.4275192044388
1828.404675524686
1672.461609772722
1306.325669796062
1630.515827109367
1681.04850093266
1405.1650491551254
1480.2803271550063
1092.3764346748635
1655.6260152578166
1994.0786293969797
1727.5635415066045
1948.1761123430597
1346.0098963413784
807.2835895680618
1320.784757265706
1627.692503946786
1649.1488521335664
1672.389140163457
522.3507867203467
1490.3781826325173
590.0704902701102
1536.0969007771575
2013.2058199831035
1496.217593683777
1619.3665945086623
943.2935442628055
986.2131899757279
1615.7475667564534
1415.4811546585138
1342.365049698809
1501.9763192251448
1390.7759396818537
1891.4021761682595
1629.5357319761908
651.6671049500023
1269.0993109452138
1751.0311821377136
1233.6517735305847
1380.429459834107
1537.7075450696161
1488.0608155477537
1155.5940149601283
716.1916091784494
592.4830042383643
1808.2513946897056
943.0700437661691
1684.5405121964664
1870.150849322995
1624.2665929618747
1537.6091304856532
1944.3650900194505
894.4085767879301
1320.9885719303738
1501.1090644626483
1312.4174299424058
1271.21220505723
653.3851620279713
1785.022698816359
1670.8672177023388
1474.1106448340126
505.92720208453323
1178.792882511366
1534.8302147336456
1520.4498632316886
1124.0498532160611
1872.7686627841974
847.1066025099373
741.188816333547
1292.9585285068836
1251.7067351353317
1837.421506382948
1123.9976277111707
1118.8809172211595
1909.0963906795894
1903.0595970338268
1751.251491525233
1309.1104998619116
1136.099905435475
625.5750492107707
1560.401956533979
1547.5509693840647
1694.5103848723395
396.85327166868854
1788.799496205921
1747.5705678367622
1784.0834841205115
1531.2625622824785
1705.7050478567562
1006.5817883421417
794.4296005676446
1780.201335529319
1702.6828697951564
1680.2733853419693
1506.0875082223267
1131.726630668854
1491.507272658736
1164.0519647413141
706.8665387854803
1876.31656274083
1122.5105598537257
1313.6745842436476
1368.2613406644607
982.6167652585613
1133.1711986789426
1547.5890387112916
1924.2554313289331
1296.5614903492012
634.1459404722592
1439.1534773543904
1026.3909837772776
1545.9983037569586
1532.6117239523965
1255.0316118193523
1713.5222576052035
1482.2097884699317
1561.1450198850785
1854.2307002630657
1606.2166585695138
974.6114963265109
1543.9318144329284
2044.2713553908582
1171.8835212641955
1526.4363298203748
1615.6559544823049
1120.812986235868
1288.2312778766102
1516.2528636361326
1079.0236844267672
1540.4961539401263
868.6522234314833
1463.0123065461576
1088.1824695148546
1282.3375858408776
1508.6528481833484
726.9757620841438
1358.4783160459501
1940.0496418542834
813.915983559597
2005.6525192221957
966.2948398615684
1234.5293457100036
934.4375888657668
1631.5847211323262
1835.2587497025286
1495.4774593134139
1498.5376920775234
1199.2807666211677
1037.9832763448753
797.8793015506678
1869.2612118203683
1220.169097719726
1735.662048538643
1559.0135919941497
1691.2671293037304
1089.4993294059261
1495.4859080629728
1534.1474214743134
1819.779123179421
1249.8960439485875
1461.4660585688787
1604.5302281191982
839.3845324056797
1805.7243777513804
1792.4614324901315
1773.2787188685734
1801.2117382061451
1870.4216270665245
1144.4350321517454
1780.901797467652
259.53467535826155
1459.8011695934822
1078.7575130082655
1297.3573768678075
801.3234281918168
2036.978764449906
1354.9874921820926
1418.9858501477358
937.2241040758308
1914.3983287809997
952.2057175739956
207.07900893068756
929.7881154026005
1122.6148163164708
1896.3211154527744
1953.568596930886
1836.4547051516067
1646.4477295792356
1855.6116424069191
1179.2543372979756
1623.7717767268045
949.1114189947923
1308.7802506232974
1533.9541033069947
1029.5072260161057
821.5919762994716
1626.06703778089
1263.727506020267
742.4485055364761
1483.9959307028678
1712.8610151113255
1539.6465803860403
1650.9496017603526
1849.6769630168244
1231.7648970749015
1937.95588375756
1671.0693277727817
1509.01060352424
1689.0975330825056
1143.9562905915282
1339.3422413956137
749.4906632457412
1097.5362939698052
465.44025793537014
1653.4141745592212
1676.267385736899
1690.774110472269
1503.97771540817
1225.3471995213342
1319.4695829495886
1272.7408155298529
623.3442547035789
1736.1907187875263
1860.5631636696244
1515.645521772294
1842.18189861928
1555.4351614578893
1313.3774307442256
1934.0017107275723
862.9016287924361
1191.3106128222582
820.8836641159584
1710.9849473904544
1341.6222734708083
1097.9969033839006
1162.0994749735962
1778.001032186528
1723.0120037889733
1575.2661897017047
1465.7588518822122
748.8878629231108
2011.6885511066432
918.5825909077914
1309.1381252577735
1587.3554231717708
1194.3562732980106
1499.0212891763783
1295.5513571818785
1430.3569817654527
1189.0318581653764
949.3697073491276
1953.3938516767184
1596.6567674588373
774.2048054691029
1829.9527284430255
1353.133531041566
1712.728225248139
602.7190066347665
1820.913520995365
1535.8174077077986
526.2242497975456
1188.3693000529793
1501.1356873475793
211.09632632995496
1472.650465019597
1306.6477505544499
1481.8795001087824
1575.6295368481558
1498.2384686218563
1270.398463226901
1586.2239750046206
2034.0488369015402
619.0884763993729
1637.8077310853305
714.2101961155564
1558.1750040089498
1487.116960775713
1216.8053340805782
1968.4096327471239
1863.4094466930906
1691.3509490321449
1485.860320831102
1331.9552658244377
1919.0573451913078
1196.5414756345556
1678.5173890385279
1326.8207094064553
1390.5603199081152
1215.8827067465463
1809.7200575641436
409.97796074815375
904.2249795392391
949.3430131021505
936.7957662578001
1690.6419909767164
759.3901431822012
1147.5318160972433
1870.2210166586399
1498.3087102277404
1248.266565382112
286.0354929812978
1278.8510888209328
1195.700511213897
1099.687862242965
1166.0528058599982
804.7372568273269
1573.9177938367598
1555.5805639295859
1895.4257238606674
1461.5218164343346
1778.1564933832922
917.9771587343123
1622.517107234531
1744.349429088662
1654.4108841424083
1556.1398147082111
2024.4583186697748
1182.1714033530516
1500.338207208054
1478.6727970319096
1278.8855191765813
2006.0378178738645
1823.9407081514532
1570.03026566463
947.1780715171759
1724.122788112497
799.203650409749
1359.5192106805198
871.9523914664865
1727.6368105914676
1498.6974005103273
1335.908155539295
1547.935842755985
1623.7089810937944
2031.4123765773454
1669.8595738351814
249.401309005611
1533.011597027275
1725.1596263960678
1282.6705634714974
1084.4691362996577
1524.5728529056667
1514.7833801857932
1187.7779870494421
888.2381367014322
1914.1968876143437
1570.6664138974127
1537.6416075645
1967.1555253629897
1899.4490737469962
1634.790478567321
1280.736117132505
1673.3695561483748
1556.4352104990671
1336.0296151052144
260.82376823686224
1666.1273327433344
1801.3362458027466
1532.4911457609635
1312.9186276061364
1741.8729395064713
613.6547568318897
609.0776229600804
675.0265547134135
1858.1615163698561
1222.4946466788804
